0.0373077;0.0148464;0.00623205;0;0;0;0
0.01854045;0.0364977;0.0364977;0;0;0;1
0.02235645;0.02235645;0.02008665;0;0;0;2
0.04269015;0.0356211;0.0356211;0;0;0;3
0.01687545;0.0398151;0.0111969;0;0;0;4
0.0042345;0.03969945;0.03969945;0;0;0;5
0.00341325;0.0229527;0.0349578;0;0;0;6
0.0342486;0.0342486;0.0038997;0;0;0;7
0.0031725;0.02091015;0.032589;0;0;0;8
0.0272052;0.0272052;0.02589885;0;0;0;9
0.01563615;0.01799415;0.01568565;0;0;0;10
0.01455885;0.01455885;0.02428425;0;0;0;11
0.04032315;0.01656855;0.03273615;0;0;0;12
0.03273615;0.00240975;0.04059225;0;0;0;13
0.0149292;0.0106938;0.02646405;0;0;0;14
0.0354357;0.0354357;0.0428292;0;0;0;15
0.03284505;0.0130833;0.034308;0;0;0;16
0.0136062;0.04167945;0.04167945;0;0;0;17
0.0213426;0.02472885;0.0230094;0;0;0;18
0.0230094;0.00414855;0.01903545;0;0;0;19
0.01907415;0.0128952;0.0128952;0;0;0;20
0.0253179;0.008651249999999999;0.03161025;0;0;0;21
0.0272853;0.003384;0.04284855;0;0;0;22
0.0302139;0.02330595;0.02330595;0;0;0;23
0.0338688;0.04189095;0.01403415;0;0;0;24
0.0225297;0.0225297;0.00611415;0;0;0;25
0.005607;0.00855;0.01622835;0;0;0;26
0.01613205;0.01613205;0.0395397;0;0;0;27
0.03745215;0.02570265;0.009949049999999999;0;0;0;28
0.01124955;0.01124955;0.02435355;0;0;0;29
0.03109545;0.01466505;0.0416385;0;0;0;30
0.0268551;0.01055745;0.01055745;0;0;0;31
0.01190655;0.01190655;0.0360027;0;0;0;32
0.0215559;0.0215559;0.0241407;0;0;0;33
0.0136125;0.01063305;0.01063305;0;0;0;34
0.0223506;0.02878785;0.00430515;0;0;0;35
0.023697;0.0040734;0.0040734;0;0;0;36
0.04256774999999999;0.01505925;0.03874725;0;0;0;37
0.0329535;0.0363294;0.0363294;0;0;0;38
0.03141855;0.0117243;0.022374;0;0;0;39
0.0076311;0.01096875;0.01096875;0;0;0;40
0.007981199999999999;0.02703825;0.02703825;0;0;0;41
0.04285215;0.0283833;0.01692;0;0;0;42
0.0299997;0.01050435;0.02963475;0;0;0;43
0.009975599999999999;0.009975599999999999;0.04229325;0;0;0;44
0.0036909;0.02952315;0.0164871;0;0;0;45
0.014481;0.03024135;0.00221355;0;0;0;46
0.02828205;0.0342711;0.0342711;0;0;0;47
0.0322965;0.04022505;0.0305253;0;0;0;48
0.0117279;0.01712385;0.01712385;0;0;0;49
0.03448305;0.03829635;0.03844665;0;0;0;50
0.0396135;0.03976739999999999;0.01718505;0;0;0;51
0.03615119999999999;0.0166023;0.0242406;0;0;0;52
0.0242406;0.0228645;0.0301221;0;0;0;53
0.0294912;0.03304305;0.005966999999999999;0;0;0;54
0.0222075;0.00200655;0.03927375;0;0;0;55
0.03171915;0.02836125;0.0178686;0;0;0;56
0.0254808;0.0110997;0.0038952;0;0;0;57
0.0173169;0.0173169;0.0255096;0;0;0;58
0.04225499999999999;0.006657299999999999;0.006657299999999999;0;0;0;59
0.01870605;0.0026496;0.03604905;0;0;0;60
0.02572335;0.03678975;0.0021825;0;0;0;61
0.00326385;0.0299205;0.012015;0;0;0;62
0.0196101;0.0400095;0.0400095;0;0;0;63
0.0273105;0.04099635;0.04099635;0;0;0;64
0.0376812;0.02756295;0.0353826;0;0;0;65
0.03016485;0.01143675;0.0354429;0;0;0;66
0.04297635;0.04297635;0.01778175;0;0;0;67
0.0106488;0.0106488;0.0205623;0;0;0;68
0.00656955;0.03236985;0.0303255;0;0;0;69
0.009292949999999999;0.03952485;0.03489975;0;0;0;70
0.0312741;0.03267495;0.03267495;0;0;0;71
0.034011;0.0246402;0.002412;0;0;0;72
0.01606725;0.0195084;0.0195084;0;0;0;73
0.03226545;0.03226545;0.01651995;0;0;0;74
0.0144738;0.0375408;0.04007385;0;0;0;75
0.0186381;0.0186381;0.008483849999999999;0;0;0;76
0.01491435;0.00850455;0.03160575;0;0;0;77
0.02713095;0.006885;0.0384093;0;0;0;78
0.0129321;0.01615005;0.02688435;0;0;0;79
0.02874735;0.03597795;0.01858995;0;0;0;80
0.0026739;0.005599799999999999;0.01337265;0;0;0;81
0.0386559;0.0255555;0.03850965;0;0;0;82
0.03878055;0.00771975;0.00771975;0;0;0;83
0.03463065;0.0031239;0.0223785;0;0;0;84
0.0345402;0.01670715;0.0103743;0;0;0;85
0.0112734;0.03754575;0.02346615;0;0;0;86
0.01178055;0.01178055;0.0305856;0;0;0;87
0.0121743;0.01371285;0.0023211;0;0;0;88
0.03643335;0.0184185;0.0184185;0;0;0;89
0.02197305;0.01385145;0.01385145;0;0;0;90
0.02763585;0.02763585;0.0407079;0;0;0;91
0.0062559;0.0369936;0.005052149999999999;0;0;0;92
0.03559005;0.0404145;0.01976895;0;0;0;93
0.01946385;0.01946385;0.019161;0;0;0;94
0.0257589;0.0320643;0.02259945;0;0;0;95
0.005744699999999999;0.04280085;0.04280085;0;0;0;96
0.0187254;0.0187254;0.03394935;0;0;0;97
0.0307818;0.02158335;0.007230599999999999;0;0;0;98
0.0408537;0.010494;0.010494;0;0;0;99
0.0139662;0.0139662;0.03158415;0;0;0;100
0.01475235;0.006982199999999999;0.03453614999999999;0;0;0;101
0.0276714;0.01976805;0.01976805;0;0;0;102
0.0426087;0.0426087;0.04179375;0;0;0;103
0.01162845;0.00181215;0.00181215;0;0;0;104
0.03142935;0.03142935;0.0205407;0;0;0;105
0.0171081;0.0171081;0.00520785;0;0;0;106
0.0267786;0.0113805;0.0291168;0;0;0;107
0.0293643;0.0293643;0.00318645;0;0;0;108
0.0132561;0.00944325;0.0219312;0;0;0;109
0.0243414;0.01550925;0.01550925;0;0;0;110
0.0392526;0.04075605;0.02758995;0;0;0;111
0.0410148;0.01816875;0.01816875;0;0;0;112
0.0370152;0.0370152;0.01839465;0;0;0;113
0.0115731;0.0394884;0.0394884;0;0;0;114
0.01064295;0.01064295;0.0047034;0;0;0;115
0.00876825;0.02387835;0.0387693;0;0;0;116
0.03373064999999999;0.02522295;0.03730455;0;0;0;117
0.02224485;0.02224485;0.0019107;0;0;0;118
0.01690065;0.0288558;0.006937199999999999;0;0;0;119
0.0399942;0.0399942;0.0244764;0;0;0;120
0.04078575;0.02360205;0.027936;0;0;0;121
0.0283329;0.0166176;0.0164286;0;0;0;122
0.0269766;0.0422478;0.02083635;0;0;0;123
0.0038511;0.0337347;0.01046295;0;0;0;124
0.02105145;0.02105145;0.03412349999999999;0;0;0;125
0.026397;0.009783449999999999;0.0169308;0;0;0;126
0.0306333;0.0318177;0.0371097;0;0;0;127
0.04002525;0.0241299;0.0311643;0;0;0;128
0.0307557;0.0053847;0.01901205;0;0;0;129
0.0028728;0.04130505;0.0422487;0;0;0;130
0.03913605;0.03913605;0.03625965;0;0;0;131
0.0364374;0.00694665;0.0231363;0;0;0;132
0.01271565;0.03606255;0.0125721;0;0;0;133
0.03061575;0.0327708;0.00223245;0;0;0;134
0.00738765;0.015615;0.04088025;0;0;0;135
0.005122349999999999;0.0157374;0.0157374;0;0;0;136
0.03117195;0.04337415;0.03540375;0;0;0;137
0.04214385;0.00598005;0.0264537;0;0;0;138
0.0376506;0.0308934;0.0308934;0;0;0;139
0.0250119;0.0250119;0.03750345;0;0;0;140
0.0249561;0.0384426;0.01637235;0;0;0;141
0.03562065;0.02207655;0.0233199;0;0;0;142
0.0214713;0.03611025;0.02195505;0;0;0;143
0.00554265;0.0248949;0.0248949;0;0;0;144
0.02222415;0.01729485;0.01729485;0;0;0;145
0.03505815;0.03505815;0.0073026;0;0;0;146
0.03404295;0.0071622;0.0338463;0;0;0;147
0.0107181;0.0048546;0.0131787;0;0;0;148
0.0277029;0.0277029;0.0343548;0;0;0;149
0.03052485;0.0396387;0.00966645;0;0;0;150
0.02633445;0.0183528;0.02863575;0;0;0;151
0.009714599999999999;0.00217755;0.02660805;0;0;0;152
0.0116037;0.00688995;0.00688995;0;0;0;153
0.0033489;0.0033489;0.02746035;0;0;0;154
0.02001915;0.00668385;0.00668385;0;0;0;155
0.01976895;0.029178;0.029178;0;0;0;156
0.0411354;0.0411354;0.00157365;0;0;0;157
0.0302805;0.0106245;0.0106245;0;0;0;158
0.009277199999999999;0.009277199999999999;0.00719055;0;0;0;159
0.0252189;0.0252189;0.007200450000000001;0;0;0;160
0.02169585;0.0270099;0.0270099;0;0;0;161
0.02398545;0.03299535;0.03299535;0;0;0;162
0.02153745;0.02153745;0.02888865;0;0;0;163
0.01662705;0.03659085;0.02221875;0;0;0;164
0.0250497;0.0082854;0.0212679;0;0;0;165
0.01025955;0.04269465;0.0309087;0;0;0;166
0.01012095;0.00695745;0.03297645;0;0;0;167
0.01847925;0.032724;0.032724;0;0;0;168
0.0311778;0.0016767;0.0016767;0;0;0;169
0.04136894999999999;0.04136894999999999;0.01467;0;0;0;170
0.01720395;0.007860600000000001;0.007860600000000001;0;0;0;171
0.00441585;0.0289413;0.0289413;0;0;0;172
0.03093165;0.00609885;0.0109017;0;0;0;173
0.01905705;0.03212685;0.020007;0;0;0;174
0.03060045;0.04201155;0.04201155;0;0;0;175
0.0142137;0.04178475;0.0338877;0;0;0;176
0.03037635;0.00381555;0.00381555;0;0;0;177
0.01397025;0.02209905;0.02209905;0;0;0;178
0.0427104;0.0427104;0.0348705;0;0;0;179
0.02880405;0.02880405;0.0135009;0;0;0;180
0.0029574;0.04013685;0.03228435;0;0;0;181
0.00733995;0.02188575;0.01211535;0;0;0;182
0.0339984;0.006217649999999999;0.006217649999999999;0;0;0;183
0.0038763;0.00664695;0.00664695;0;0;0;184
0.04023405;0.0364248;0.04063185;0;0;0;185
0.03746475;0.04082535;0.03033495;0;0;0;186
0.0377433;0.02162835;0.03350565;0;0;0;187
0.0351117;0.0015696;0.02547675;0;0;0;188
0.01648035;0.0223551;0.03545504999999999;0;0;0;189
0.0120717;0.0026766;0.02124585;0;0;0;190
0.01028025;0.04160745;0.01045845;0;0;0;191
0.0042399;0.0042399;0.01714005;0;0;0;192
0.04331744999999999;0.03747105;0.0137754;0;0;0;193
0.0206019;0.0120348;0.005665949999999999;0;0;0;194
0.01257615;0.03010455;0.03302775;0;0;0;195
0.0021105;0.03178755;0.00650835;0;0;0;196
0.0360198;0.006886349999999999;0.02953665;0;0;0;197
0.03375359999999999;0.03573494999999999;0.0278001;0;0;0;198
0.04298085;0.0157752;0.02657115;0;0;0;199
0.02461725;0.0356742;0.0356742;0;0;0;200
0.03079125;0.02924145;0.02924145;0;0;0;201
0.03723704999999999;0.02028105;0.0379575;0;0;0;202
0.0217008;0.0430272;0.0218205;0;0;0;203
0.009031050000000001;0.009031050000000001;0.03683655;0;0;0;204
0.02759805;0.02759805;0.010656;0;0;0;205
0.0420021;0.01094085;0.0369837;0;0;0;206
0.0385335;0.0103608;0.02283165;0;0;0;207
0.03916305;0.0294633;0.008949149999999999;0;0;0;208
0.00400995;0.00397395;0.00397395;0;0;0;209
0.01551195;0.01551195;0.01808145;0;0;0;210
0.00527985;0.02280735;0.0312651;0;0;0;211
0.0431622;0.02666565;0.007751249999999999;0;0;0;212
0.0156933;0.0251991;0.0251991;0;0;0;213
0.0266706;0.03857535;0.03857535;0;0;0;214
0.0399627;0.01143945;0.0023265;0;0;0;215
0.004340249999999999;0.022518;0.0197352;0;0;0;216
0.007461;0.0110052;0.0179541;0;0;0;217
0.03753045;0.0135369;0.02078775;0;0;0;218
0.02900835;0.0031014;0.03763664999999999;0;0;0;219
0.03642794999999999;0.00427455;0.0043218;0;0;0;220
0.04140855;0.00468135;0.0320931;0;0;0;221
0.0305379;0.0305379;0.04252905;0;0;0;222
0.00957555;0.01250595;0.0336573;0;0;0;223
0.0381411;0.00245655;0.0125766;0;0;0;224
0.03243735;0.03243735;0.0285102;0;0;0;225
0.03291839999999999;0.03291839999999999;0.01168425;0;0;0;226
0.0158436;0.01957365;0.0292617;0;0;0;227
0.0131067;0.0199683;0.00384705;0;0;0;228
0.01301355;0.01896615;0.0407709;0;0;0;229
0.0234477;0.0323082;0.01104435;0;0;0;230
0.0388161;0.00541485;0.0423396;0;0;0;231
0.00178605;0.04333049999999999;0.0334323;0;0;0;232
0.0218475;0.01104345;0.03503385;0;0;0;233
0.02900025;0.03452355;0.009819899999999999;0;0;0;234
0.0232425;0.02591055;0.0418482;0;0;0;235
0.0373176;0.015543;0.00237105;0;0;0;236
0.02122785;0.0339597;0.02805255;0;0;0;237
0.02677185;0.02677185;0.0291312;0;0;0;238
0.019332;0.019332;0.0431127;0;0;0;239
0.0126693;0.0260613;0.0108513;0;0;0;240
0.03488535;0.0240543;0.0208305;0;0;0;241
0.01728765;0.0311553;0.0422604;0;0;0;242
0.0098073;0.0304407;0.014265;0;0;0;243
0.0409644;0.04328009999999999;0.0262287;0;0;0;244
0.005756849999999999;0.0430578;0.00936855;0;0;0;245
0.01119645;0.03820455;0.0326556;0;0;0;246
0.0166356;0.04291065;0.02136465;0;0;0;247
0.03453345;0.01264095;0.0195291;0;0;0;248
0.0335367;0.0402579;0.00738765;0;0;0;249
0.04103954999999999;0.01985445;0.0118143;0;0;0;250
0.00185985;0.0246195;0.01192815;0;0;0;251
0.0163179;0.01476315;0.01396935;0;0;0;252
0.03202785;0.01921095;0.0023886;0;0;0;253
0.03465495;0.03465495;0.0229221;0;0;0;254
0.005884199999999999;0.005884199999999999;0.02052945;0;0;0;255
0.0055179;0.0055179;0.03488715;0;0;0;256
0.02169225;0.02454705;0.008517149999999999;0;0;0;257
0.03751515;0.01853775;0.02871;0;0;0;258
0.00724005;0.00724005;0.01213875;0;0;0;259
0.04222395;0.02438865;0.02438865;0;0;0;260
0.02765205;0.0319221;0.0319221;0;0;0;261
0.01509885;0.04063455;0.00637245;0;0;0;262
0.0290961;0.008510849999999999;0.042183;0;0;0;263
0.04055265;0.0292779;0.0411291;0;0;0;264
0.038223;0.009832499999999999;0.01385505;0;0;0;265
0.00343125;0.0103266;0.03841515;0;0;0;266
0.0223695;0.031149;0.04333275;0;0;0;267
0.02316555;0.0045747;0.04301325;0;0;0;268
0.00159075;0.02104785;0.0380646;0;0;0;269
0.0317124;0.03335535;0.02408895;0;0;0;270
0.00162045;0.01297215;0.01297215;0;0;0;271
0.01253475;0.03345975;0.009343799999999999;0;0;0;272
0.01183725;0.03108645;0.04344165;0;0;0;273
0.0032247;0.02493135;0.04166685;0;0;0;274
0.0212958;0.01692585;0.0341307;0;0;0;275
0.02335365;0.0293022;0.04093515;0;0;0;276
0.0370089;0.0370089;0.0308241;0;0;0;277
0.0109503;0.0109503;0.0127782;0;0;0;278
0.0198207;0.03254805;0.00845505;0;0;0;279
0.0363564;0.0402507;0.0402507;0;0;0;280
0.01664325;0.0285867;0.01318455;0;0;0;281
0.0024327;0.0374994;0.0374994;0;0;0;282
0.01616985;0.00183015;0.01351845;0;0;0;283
0.02026485;0.02563875;0.0339804;0;0;0;284
0.03424319999999999;0.03107475;0.00810315;0;0;0;285
0.03924315;0.0252558;0.0131454;0;0;0;286
0.02516805;0.0257238;0.0203913;0;0;0;287
0.01920555;0.01475505;0.0357399;0;0;0;288
0.04316895;0.03002265;0.00417015;0;0;0;289
0.01061415;0.0422181;0.0422181;0;0;0;290
0.04020345;0.0394371;0.0434115;0;0;0;291
0.03898935;0.03400335;0.0263835;0;0;0;292
0.0198621;0.025128;0.0046404;0;0;0;293
0.03390975;0.03390975;0.0383994;0;0;0;294
0.008262;0.04130955;0.01497465;0;0;0;295
0.01095525;0.01518885;0.008615699999999999;0;0;0;296
0.041022;0.0368046;0.007261650000000001;0;0;0;297
0.02096955;0.01132875;0.0104922;0;0;0;298
0.02230875;0.00859995;0.00859995;0;0;0;299
0.03309435;0.0266904;0.006034049999999999;0;0;0;300
0.0031491;0.02583315;0.01929285;0;0;0;301
0.005702850000000001;0.0243315;0.0369144;0;0;0;302
0.02453175;0.01817055;0.0020988;0;0;0;303
0.04297815;0.01372725;0.03272895;0;0;0;304
0.009832499999999999;0.0363024;0.0363024;0;0;0;305
0.008185049999999999;0.009437849999999999;0.02416005;0;0;0;306
0.0048987;0.0368829;0.02961495;0;0;0;307
0.04096485;0.0078318;0.0359163;0;0;0;308
0.0350181;0.008008649999999999;0.0257508;0;0;0;309
0.0024345;0.01132155;0.0265392;0;0;0;310
0.02006055;0.02006055;0.0143091;0;0;0;311
0.009492299999999999;0.033705;0.01439505;0;0;0;312
0.0178398;0.00423765;0.02762415;0;0;0;313
0.01086795;0.02008845;0.02008845;0;0;0;314
0.02751885;0.0113346;0.0240138;0;0;0;315
0.0231777;0.04102695;0.034731;0;0;0;316
0.03507165;0.04330755;0.0342666;0;0;0;317
0.0362898;0.0362898;0.01195605;0;0;0;318
0.03293415;0.01992645;0.01063305;0;0;0;319
0.0030573;0.0030573;0.0410292;0;0;0;320
0.02276235;0.00783945;0.00414765;0;0;0;321
0.00722835;0.007152299999999999;0.03151755;0;0;0;322
0.0422397;0.0422397;0.00539865;0;0;0;323
0.01885545;0.0066708;0.01319715;0;0;0;324
0.03671774999999999;0.0324801;0.013023;0;0;0;325
0.0276525;0.00428355;0.0124614;0;0;0;326
0.01540395;0.0231858;0.01448775;0;0;0;327
0.0259983;0.03794805;0.02052765;0;0;0;328
0.0349578;0.018288;0.00321705;0;0;0;329
0.0278748;0.0278748;0.02275065;0;0;0;330
0.01353285;0.03660165;0.03660165;0;0;0;331
0.0410247;0.02394315;0.0340785;0;0;0;332
0.02346435;0.02346435;0.0112698;0;0;0;333
0.0082953;0.0312957;0.00417645;0;0;0;334
0.0073035;0.0019431;0.0153918;0;0;0;335
0.0231723;0.037602;0.0107766;0;0;0;336
0.0212085;0.0019197;0.0019197;0;0;0;337
0.01810935;0.0255078;0.016659;0;0;0;338
0.0187875;0.00325125;0.0175266;0;0;0;339
0.02685465;0.02080665;0.039537;0;0;0;340
0.0251802;0.0251802;0.004058099999999999;0;0;0;341
0.0061425;0.0368712;0.0368712;0;0;0;342
0.008739;0.02341845;0.02341845;0;0;0;343
0.03472964999999999;0.02703015;0.03353535;0;0;0;344
0.00318015;0.00318015;0.02210355;0;0;0;345
0.01941885;0.009585450000000001;0.021897;0;0;0;346
0.03661965;0.0158724;0.0409725;0;0;0;347
0.01030995;0.02915415;0.02915415;0;0;0;348
0.008592299999999999;0.03957705;0.02575575;0;0;0;349
0.03245985;0.01667475;0.01667475;0;0;0;350
0.0041994;0.0330453;0.03703995;0;0;0;351
0.0308268;0.0031185;0.0319077;0;0;0;352
0.01907505;0.0161469;0.0161469;0;0;0;353
0.03286575;0.00241335;0.00620055;0;0;0;354
0.03861584999999999;0.03861584999999999;0.0051426;0;0;0;355
0.0164646;0.01163025;0.01163025;0;0;0;356
0.03470805;0.01633995;0.01449855;0;0;0;357
0.0025506;0.03880035;0.01293795;0;0;0;358
0.02571255;0.00619245;0.00619245;0;0;0;359
0.0390456;0.0129753;0.02609775;0;0;0;360
0.0021726;0.0035163;0.0315252;0;0;0;361
0.0082881;0.0027126;0.0027126;0;0;0;362
0.0038916;0.0217548;0.007988849999999999;0;0;0;363
0.0026883;0.01074105;0.00345015;0;0;0;364
0.0022698;0.0022698;0.0344142;0;0;0;365
0.0389574;0.01846755;0.005427449999999999;0;0;0;366
0.03845745;0.0423342;0.0423342;0;0;0;367
0.00631395;0.0030456;0.02203245;0;0;0;368
0.0290286;0.02377575;0.0202932;0;0;0;369
0.01457865;0.00240165;0.0167949;0;0;0;370
0.01665765;0.0429489;0.00838935;0;0;0;371
0.0279684;0.0028611;0.01844775;0;0;0;372
0.0232119;0.0153405;0.0392886;0;0;0;373
0.0201474;0.03056445;0.0055395;0;0;0;374
0.02397015;0.02547;0.02547;0;0;0;375
0.03010815;0.0352062;0.0388062;0;0;0;376
0.01594305;0.01303695;0.00632835;0;0;0;377
0.04132305;0.0268029;0.0268029;0;0;0;378
0.0070011;0.008887049999999999;0.002484;0;0;0;379
0.01715445;0.0387108;0.02739645;0;0;0;380
0.02293065;0.0396153;0.0379071;0;0;0;381
0.01975455;0.0095841;0.01406565;0;0;0;382
0.03150765;0.02832165;0.0345618;0;0;0;383
0.03212234999999999;0.00708345;0.01582605;0;0;0;384
0.01345005;0.02745585;0.02745585;0;0;0;385
0.02914965;0.019341;0.0234549;0;0;0;386
0.0428022;0.005148;0.01380375;0;0;0;387
0.03547215;0.02825685;0.02825685;0;0;0;388
0.04040055;0.03806955;0.02922705;0;0;0;389
0.0102519;0.00450945;0.00450945;0;0;0;390
0.00248355;0.0091404;0.0091404;0;0;0;391
0.0398205;0.0062631;0.02286855;0;0;0;392
0.00484155;0.00484155;0.03892544999999999;0;0;0;393
0.006727499999999999;0.04006034999999999;0.03034575;0;0;0;394
0.0304389;0.0390375;0.0240876;0;0;0;395
0.004950449999999999;0.03524445;0.0160794;0;0;0;396
0.03897809999999999;0.0312192;0.0208764;0;0;0;397
0.02716875;0.040014;0.00522;0;0;0;398
0.00492435;0.00642195;0.02729025;0;0;0;399
0.0254871;0.01365435;0.0264573;0;0;0;400
0.02297115;0.01810755;0.04100355;0;0;0;401
0.0308754;0.02326815;0.0016812;0;0;0;402
0.0240813;0.02086425;0.0151065;0;0;0;403
0.01655955;0.03264885;0.00478125;0;0;0;404
0.0389619;0.02459565;0.02459565;0;0;0;405
0.01456695;0.0147654;0.009742499999999999;0;0;0;406
0.03721455;0.03721455;0.008701649999999998;0;0;0;407
0.0156411;0.0201699;0.0059778;0;0;0;408
0.00306225;0.0281835;0.0331452;0;0;0;409
0.01738755;0.01738755;0.00214425;0;0;0;410
0.0373824;0.0373824;0.02611575;0;0;0;411
0.0232767;0.03637305;0.03941775;0;0;0;412
0.03042675;0.0132678;0.0310968;0;0;0;413
0.0282096;0.035379;0.0218007;0;0;0;414
0.0381897;0.01439955;0.01439955;0;0;0;415
0.0345438;0.0122832;0.0122832;0;0;0;416
0.03087495;0.009518849999999999;0.006316649999999999;0;0;0;417
0.01207035;0.02362455;0.0275985;0;0;0;418
0.02154555;0.02598075;0.01354005;0;0;0;419
0.03924225;0.0200754;0.0164979;0;0;0;420
0.0174186;0.0252171;0.007039350000000001;0;0;0;421
0.0073323;0.02996865;0.0108207;0;0;0;422
0.01319175;0.03652784999999999;0.006251399999999999;0;0;0;423
0.00712125;0.00712125;0.0425457;0;0;0;424
0.01725615;0.0339642;0.0133659;0;0;0;425
0.04194225;0.0101313;0.0151641;0;0;0;426
0.02961135;0.0253287;0.0270387;0;0;0;427
0.0123309;0.0170109;0.0128997;0;0;0;428
0.04039425;0.0039915;0.0292527;0;0;0;429
0.028026;0.01297215;0.00615375;0;0;0;430
0.04237245;0.007546949999999999;0.00182025;0;0;0;431
0.02686815;0.0425106;0.03149775;0;0;0;432
0.02264805;0.03163949999999999;0.02282265;0;0;0;433
0.002079;0.0224865;0.0224865;0;0;0;434
0.0238239;0.02673225;0.03330495;0;0;0;435
0.03551805;0.03295665;0.0347562;0;0;0;436
0.04330485;0.008397449999999999;0.0301185;0;0;0;437
0.04283235;0.0199719;0.008634599999999999;0;0;0;438
0.0062487;0.0133677;0.03051225;0;0;0;439
0.03878595;0.03356145;0.0335826;0;0;0;440
0.03056805;0.02602575;0.00354645;0;0;0;441
0.00172755;0.01666845;0.02808585;0;0;0;442
0.00497475;0.029601;0.0392094;0;0;0;443
0.03471885;0.00191385;0.00191385;0;0;0;444
0.0203355;0.03924765;0.02994795;0;0;0;445
0.0072936;0.02982645;0.0179946;0;0;0;446
0.004934699999999999;0.02814885;0.02243115;0;0;0;447
0.02987505;0.03634424999999999;0.0151119;0;0;0;448
0.0142101;0.031752;0.0352971;0;0;0;449
0.03890205;0.03890205;0.0142821;0;0;0;450
0.00196065;0.00196065;0.00215595;0;0;0;451
0.015462;0.015462;0.04259655;0;0;0;452
0.0130068;0.00387405;0.008483399999999999;0;0;0;453
0.0081225;0.01510875;0.01510875;0;0;0;454
0.03938715;0.02982645;0.0370629;0;0;0;455
0.0433944;0.02701935;0.04288724999999999;0;0;0;456
0.03623265;0.02069955;0.012915;0;0;0;457
0.04122135;0.04122135;0.008131049999999999;0;0;0;458
0.03136005;0.030564;0.0138141;0;0;0;459
0.03316905;0.01690335;0.0366282;0;0;0;460
0.04223475;0.009086849999999999;0.02565;0;0;0;461
0.01193805;0.0026496;0.04101885;0;0;0;462
0.01234935;0.003411;0.0362691;0;0;0;463
0.01207125;0.03287835;0.0187902;0;0;0;464
0.0294192;0.01674855;0.009075149999999999;0;0;0;465
0.009050849999999999;0.03281445;0.03281445;0;0;0;466
0.0176481;0.0236997;0.02249055;0;0;0;467
0.0087543;0.0125163;0.0394974;0;0;0;468
0.02449125;0.0230499;0.0230499;0;0;0;469
0.04066605;0.00341775;0.00382635;0;0;0;470
0.00426555;0.03611655;0.0222561;0;0;0;471
0.0361404;0.00199485;0.03797955;0;0;0;472
0.0225396;0.01196955;0.0245034;0;0;0;473
0.0254952;0.04197015;0.024093;0;0;0;474
0.02907179999999999;0.00281205;0.028089;0;0;0;475
0.0015543;0.0390726;0.0230868;0;0;0;476
0.00732735;0.0200673;0.0200673;0;0;0;477
0.0197685;0.01259865;0.0326052;0;0;0;478
0.02572785;0.02572785;0.0145872;0;0;0;479
0.03820275;0.006616349999999999;0.0322542;0;0;0;480
0.0430875;0.01929195;0.03431024999999999;0;0;0;481
0.0402327;0.03381749999999999;0.030258;0;0;0;482
0.03321495;0.0123453;0.0156546;0;0;0;483
0.0160677;0.03697965;0.02989665;0;0;0;484
0.01076265;0.01526715;0.0222993;0;0;0;485
0.0351567;0.02833695;0.0125289;0;0;0;486
0.0177174;0.01248975;0.03992715;0;0;0;487
0.0124929;0.03450825;0.03450825;0;0;0;488
0.030978;0.02604375;0.02126565;0;0;0;489
0.04232745;0.0214065;0.0214065;0;0;0;490
0.01313145;0.01325295;0.0415467;0;0;0;491
0.0220518;0.0220518;0.042003;0;0;0;492
0.00877635;0.03217635;0.0409131;0;0;0;493
0.01589895;0.0248355;0.03875895;0;0;0;494
0.03846915;0.0324738;0.01605105;0;0;0;495
0.0242928;0.0242928;0.017154;0;0;0;496
0.0026424;0.0026424;0.01236645;0;0;0;497
0.0432585;0.02886975;0.03662505;0;0;0;498
0.030276;0.03741255;0.03371445;0;0;0;499
0.03246435;0.0305001;0.005554799999999999;0;0;0;500
0.0026019;0.0402228;0.0354447;0;0;0;501
0.01562355;0.0232533;0.03017475;0;0;0;502
0.0044991;0.03308445;0.03308445;0;0;0;503
0.02516715;0.00302985;0.02401515;0;0;0;504
0.04338585;0.03156885;0.0143793;0;0;0;505
0.0376452;0.0376452;0.02263545;0;0;0;506
0.04014225;0.01422135;0.03629115;0;0;0;507
0.008540549999999999;0.0175293;0.0175293;0;0;0;508
0.0024633;0.02467035;0.02493585;0;0;0;509
0.03253365;0.02530215;0.02530215;0;0;0;510
0.03087045;0.0132345;0.01747215;0;0;0;511
0.01639395;0.007580249999999999;0.0156834;0;0;0;512
0.0251226;0.03025485;0.03025485;0;0;0;513
0.007718849999999999;0.04004054999999999;0.04004054999999999;0;0;0;514
0.0256716;0.02312775;0.04171725;0;0;0;515
0.02578095;0.0294111;0.03823604999999999;0;0;0;516
0.0416097;0.01127835;0.02061135;0;0;0;517
0.005965649999999999;0.01746585;0.0100269;0;0;0;518
0.03899295;0.002403;0.0398727;0;0;0;519
0.02863935;0.005571;0.01568655;0;0;0;520
0.02476215;0.0062037;0.015858;0;0;0;521
0.0360324;0.04085639999999999;0.0252837;0;0;0;522
0.0185994;0.0185994;0.0303642;0;0;0;523
0.02554605;0.0121986;0.0336762;0;0;0;524
0.007549199999999999;0.0326961;0.0365292;0;0;0;525
0.0206109;0.006431399999999999;0.01738575;0;0;0;526
0.0149526;0.0253719;0.0030843;0;0;0;527
0.04183515;0.03876795;0.03876795;0;0;0;528
0.0339426;0.01440495;0.0265653;0;0;0;529
0.01669455;0.04007475;0.01951875;0;0;0;530
0.02822355;0.0197289;0.01028385;0;0;0;531
0.03733515;0.0433422;0.0213966;0;0;0;532
0.01771785;0.0260586;0.01059345;0;0;0;533
0.03153645;0.03773925;0.04312845;0;0;0;534
0.03027825;0.0431793;0.0129789;0;0;0;535
0.00966825;0.0246474;0.01043775;0;0;0;536
0.004551299999999999;0.02046555;0.02302785;0;0;0;537
0.02217105;0.0157203;0.02729115;0;0;0;538
0.03613139999999999;0.0154926;0.03086235;0;0;0;539
0.0217449;0.01622115;0.007226999999999999;0;0;0;540
0.00529875;0.04141035;0.0024012;0;0;0;541
0.01744695;0.006318;0.00236115;0;0;0;542
0.02490975;0.04063679999999999;0.0133416;0;0;0;543
0.0161424;0.02925315;0.02925315;0;0;0;544
0.04075155;0.02121705;0.02447685;0;0;0;545
0.03424545;0.03747645;0.03295665;0;0;0;546
0.00821655;0.00821655;0.0209736;0;0;0;547
0.0424179;0.01210815;0.02794095;0;0;0;548
0.0035064;0.04067325;0.02878245;0;0;0;549
0.02151945;0.02756205;0.0215613;0;0;0;550
0.0336681;0.003537;0.0364923;0;0;0;551
0.01347075;0.0031608;0.02856915;0;0;0;552
0.01579275;0.00201555;0.0434547;0;0;0;553
0.008037000000000001;0.00462735;0.00903735;0;0;0;554
0.0238698;0.003375449999999999;0.01310445;0;0;0;555
0.0018792;0.0432576;0.019323;0;0;0;556
0.0215091;0.036927;0.03307275;0;0;0;557
0.00688995;0.02414295;0.04223385;0;0;0;558
0.01627065;0.00364635;0.01978875;0;0;0;559
0.0017946;0.01433565;0.0339363;0;0;0;560
0.0345834;0.0104976;0.0340155;0;0;0;561
0.0282069;0.02539395;0.0175878;0;0;0;562
0.02921265;0.0226359;0.0122841;0;0;0;563
0.0106524;0.0184644;0.005228999999999999;0;0;0;564
0.03978855;0.0262971;0.0220419;0;0;0;565
0.00158715;0.0324;0.0143388;0;0;0;566
0.00436725;0.0194382;0.02639205;0;0;0;567
0.03922335;0.00384885;0.006961949999999999;0;0;0;568
0.04335029999999999;0.0378261;0.0306468;0;0;0;569
0.03148065;0.0143307;0.0102087;0;0;0;570
0.01636965;0.0428841;0.03731265;0;0;0;571
0.0026109;0.0415791;0.00594405;0;0;0;572
0.0197613;0.00339885;0.040545;0;0;0;573
0.023634;0.0190116;0.009108450000000001;0;0;0;574
0.00536985;0.0321984;0.0152046;0;0;0;575
0.01180755;0.04076505;0.0249876;0;0;0;576
0.0365913;0.03093255;0.0419229;0;0;0;577
0.0281862;0.0281862;0.0058761;0;0;0;578
0.0056934;0.003924;0.01320345;0;0;0;579
0.03316725;0.01947645;0.01947645;0;0;0;580
0.01656225;0.0121311;0.0323991;0;0;0;581
0.014769;0.007661250000000001;0.00486405;0;0;0;582
0.03022065;0.04056255;0.01760715;0;0;0;583
0.01787805;0.01587555;0.02261385;0;0;0;584
0.0421398;0.023121;0.0185643;0;0;0;585
0.0159399;0.0262287;0.0210366;0;0;0;586
0.03441555;0.03761415;0.0044181;0;0;0;587
0.0265653;0.0270837;0.0015786;0;0;0;588
0.0056502;0.0406233;0.0168804;0;0;0;589
0.01129365;0.0256158;0.01937025;0;0;0;590
0.00930285;0.03739005;0.0196389;0;0;0;591
0.0032022;0.01357515;0.0173151;0;0;0;592
0.009188999999999999;0.02349945;0.03034575;0;0;0;593
0.02288115;0.01334565;0.00875655;0;0;0;594
0.0094509;0.0016353;0.03099015;0;0;0;595
0.005399549999999999;0.01662075;0.00569925;0;0;0;596
0.00433665;0.0224613;0.0393669;0;0;0;597
0.0183519;0.0245016;0.03126915;0;0;0;598
0.03555315;0.043389;0.043389;0;0;0;599
0.01699335;0.00674415;0.03943215;0;0;0;600
0.02766105;0.003275549999999999;0.0016614;0;0;0;601
0.0089415;0.009282599999999998;0.0297405;0;0;0;602
0.0407862;0.0016191;0.00868905;0;0;0;603
0.0161541;0.04316625;0.03065625;0;0;0;604
0.00875925;0.01516545;0.0372978;0;0;0;605
0.0419409;0.0305964;0.0305964;0;0;0;606
0.01679085;0.0366813;0.0165735;0;0;0;607
0.01744155;0.0430497;0.017523;0;0;0;608
0.0251181;0.02970135;0.0139455;0;0;0;609
0.0129996;0.0220977;0.0394497;0;0;0;610
0.01220535;0.0346482;0.0430326;0;0;0;611
0.0035388;0.0154206;0.0019602;0;0;0;612
0.04154265;0.0314424;0.0250398;0;0;0;613
0.0201384;0.0044928;0.0044928;0;0;0;614
0.0098181;0.0143676;0.0301257;0;0;0;615
0.01433475;0.0188595;0.01046385;0;0;0;616
0.02141145;0.0186444;0.02594745;0;0;0;617
0.03550095;0.009726749999999999;0.01822365;0;0;0;618
0.02814525;0.0328176;0.03975255;0;0;0;619
0.04096619999999999;0.01488375;0.02364705;0;0;0;620
0.0119178;0.03270869999999999;0.02934225;0;0;0;621
0.0388575;0.02116935;0.02116935;0;0;0;622
0.0328554;0.03963285;0.0407916;0;0;0;623
0.0190269;0.0361152;0.0105309;0;0;0;624
0.01760625;0.01760625;0.0117225;0;0;0;625
0.004940999999999999;0.01272015;0.01272015;0;0;0;626
0.0220032;0.0302283;0.03108015;0;0;0;627
0.0350937;0.00528705;0.00939015;0;0;0;628
0.03640814999999999;0.0056412;0.0400464;0;0;0;629
0.00721395;0.0327582;0.0233937;0;0;0;630
0.02050605;0.04031145;0.01858005;0;0;0;631
0.02707695;0.02235015;0.01459845;0;0;0;632
0.012411;0.02418165;0.03087;0;0;0;633
0.008322299999999999;0.024534;0.01433745;0;0;0;634
0.0017028;0.03514005;0.01724625;0;0;0;635
0.031977;0.0431073;0.004502699999999999;0;0;0;636
0.0242208;0.0017721;0.02823615;0;0;0;637
0.01076985;0.04005405;0.0028647;0;0;0;638
0.01429065;0.01429065;0.03485295;0;0;0;639
0.0361638;0.04135095;0.01022085;0;0;0;640
0.0229491;0.02804985;0.01561815;0;0;0;641
0.0160029;0.02183895;0.0427968;0;0;0;642
0.01831545;0.0063162;0.03358485;0;0;0;643
0.0061569;0.0180936;0.03606975;0;0;0;644
0.041589;0.0316908;0.04314015;0;0;0;645
0.04340295;0.03577005;0.00420255;0;0;0;646
0.03762855;0.0308475;0.0062883;0;0;0;647
0.002655;0.0378009;0.01594755;0;0;0;648
0.01300275;0.02437425;0.04180545;0;0;0;649
0.0158679;0.001908;0.001908;0;0;0;650
0.0373491;0.0064548;0.01407825;0;0;0;651
0.04054815;0.0176283;0.0405126;0;0;0;652
0.0302976;0.02903265;0.0102222;0;0;0;653
0.0181224;0.03770865;0.04190265;0;0;0;654
0.00681255;0.02975175;0.04282155;0;0;0;655
0.0382113;0.01107405;0.03204539999999999;0;0;0;656
0.020763;0.03679155;0.02600505;0;0;0;657
0.01530315;0.02798595;0.03224204999999999;0;0;0;658
0.0369243;0.0200547;0.04199535;0;0;0;659
0.0212958;0.01447515;0.0207801;0;0;0;660
0.0379665;0.02478825;0.005516099999999999;0;0;0;661
0.01914795;0.0023769;0.0117495;0;0;0;662
0.0096732;0.00480465;0.0373716;0;0;0;663
0.0234549;0.0431136;0.0431136;0;0;0;664
0.0256626;0.0143667;0.0025524;0;0;0;665
0.01012815;0.0272916;0.04141845;0;0;0;666
0.01315215;0.0283419;0.00873225;0;0;0;667
0.03304845;0.0224541;0.0297288;0;0;0;668
0.0177327;0.0098946;0.0362295;0;0;0;669
0.03736755;0.03736755;0.00180315;0;0;0;670
0.0123669;0.0191538;0.0312471;0;0;0;671
0.02413935;0.04192155;0.00514485;0;0;0;672
0.02444805;0.009572849999999999;0.014211;0;0;0;673
0.0214191;0.0417942;0.01554075;0;0;0;674
0.0158967;0.03972285;0.0366381;0;0;0;675
0.03390165;0.03128445;0.03128445;0;0;0;676
0.008800199999999999;0.0368478;0.0288702;0;0;0;677
0.01852695;0.02721015;0.04178834999999999;0;0;0;678
0.02129985;0.02129985;0.0105975;0;0;0;679
0.001737;0.0326835;0.028809;0;0;0;680
0.03800925;0.02938095;0.02316645;0;0;0;681
0.0387423;0.01584765;0.0105615;0;0;0;682
0.027468;0.01336455;0.01396035;0;0;0;683
0.03237255;0.0393309;0.0124821;0;0;0;684
0.008157149999999998;0.04329405;0.02098035;0;0;0;685
0.03829455;0.0110061;0.04137165;0;0;0;686
0.02387745;0.00831375;0.03996;0;0;0;687
0.01581165;0.012114;0.01888875;0;0;0;688
0.0015624;0.0015624;0.0158121;0;0;0;689
0.0359955;0.0104922;0.009855899999999999;0;0;0;690
0.0170757;0.02199645;0.01069785;0;0;0;691
0.02812545;0.0195057;0.0038187;0;0;0;692
0.03444345;0.006104249999999999;0.0124461;0;0;0;693
0.001782;0.01392255;0.004324049999999999;0;0;0;694
0.0234477;0.01199295;0.0177696;0;0;0;695
0.0382383;0.0360117;0.0360117;0;0;0;696
0.0202419;0.0341604;0.03885075;0;0;0;697
0.0327672;0.02823525;0.040878;0;0;0;698
0.02383875;0.0191655;0.0191655;0;0;0;699
0.02149785;0.008221049999999999;0.02762505;0;0;0;700
0.0307278;0.0135702;0.0267291;0;0;0;701
0.0387855;0.03374595;0.0419337;0;0;0;702
0.03865995;0.03570345;0.01408635;0;0;0;703
0.007019549999999999;0.02544615;0.0338868;0;0;0;704
0.0220257;0.04191435;0.00249075;0;0;0;705
0.0410076;0.01536885;0.00579015;0;0;0;706
0.006437699999999999;0.02687535;0.0184005;0;0;0;707
0.0024948;0.0024948;0.00711855;0;0;0;708
0.001728;0.0187137;0.00325395;0;0;0;709
0.0218358;0.03337965;0.00592965;0;0;0;710
0.03536055;0.0402399;0.0023364;0;0;0;711
0.0245808;0.01461375;0.0423882;0;0;0;712
0.007779149999999999;0.02387475;0.0183969;0;0;0;713
0.03726495;0.0123651;0.03571874999999999;0;0;0;714
0.026667;0.0392274;0.03351735;0;0;0;715
0.01550745;0.0318753;0.02637225;0;0;0;716
0.0052812;0.0375309;0.0121581;0;0;0;717
0.03071745;0.005993099999999999;0.04077045;0;0;0;718
0.01561905;0.004545;0.004545;0;0;0;719
0.04015305;0.03144284999999999;0.001899;0;0;0;720
0.0321318;0.0021582;0.02803635;0;0;0;721
0.0065556;0.0267426;0.00457605;0;0;0;722
0.0030573;0.0172665;0.0344898;0;0;0;723
0.033831;0.0029205;0.0310842;0;0;0;724
0.02810565;0.0373212;0.0268479;0;0;0;725
0.0368361;0.0277686;0.03133665;0;0;0;726
0.02483955;0.02030535;0.04333095;0;0;0;727
0.01502235;0.0337203;0.0224298;0;0;0;728
0.00303975;0.03114225;0.0225918;0;0;0;729
0.0202014;0.0303903;0.01147095;0;0;0;730
0.0383733;0.00222525;0.00203085;0;0;0;731
0.01575405;0.0370647;0.00379485;0;0;0;732
0.0297315;0.00405495;0.0235386;0;0;0;733
0.0175482;0.0242064;0.00162765;0;0;0;734
0.02499885;0.0017694;0.0183348;0;0;0;735
0.0020295;0.0178506;0.0178506;0;0;0;736
0.00631215;0.02809575;0.01401705;0;0;0;737
0.01177065;0.01177065;0.01733175;0;0;0;738
0.009207449999999999;0.0169542;0.02821905;0;0;0;739
0.03151305;0.01081485;0.0423918;0;0;0;740
0.029952;0.0419463;0.0385137;0;0;0;741
0.04281975;0.036486;0.0237303;0;0;0;742
0.02765655;0.03824234999999999;0.008346599999999999;0;0;0;743
0.0136872;0.02788515;0.0361458;0;0;0;744
0.014931;0.008283599999999999;0.0129789;0;0;0;745
0.007384050000000001;0.03893895;0.00895365;0;0;0;746
0.03196755;0.007419599999999999;0.02638575;0;0;0;747
0.0304866;0.01808235;0.0314424;0;0;0;748
0.0243108;0.03120525;0.0042363;0;0;0;749
0.0143433;0.0302913;0.01874565;0;0;0;750
0.04279635;0.04279635;0.02148795;0;0;0;751
0.00503685;0.0264843;0.01084725;0;0;0;752
0.0186975;0.03816585;0.01406475;0;0;0;753
0.03267675;0.02202705;0.01382895;0;0;0;754
0.02635425;0.0307386;0.0348093;0;0;0;755
0.02659995;0.018594;0.00669105;0;0;0;756
0.009864899999999999;0.0211734;0.0259335;0;0;0;757
0.0022635;0.01927485;0.02123325;0;0;0;758
0.02269395;0.04342905;0.0285498;0;0;0;759
0.03579075;0.03220919999999999;0.0184068;0;0;0;760
0.0331101;0.0087525;0.0087525;0;0;0;761
0.0151722;0.00197055;0.03962475;0;0;0;762
0.0234009;0.0234009;0.03533265;0;0;0;763
0.02998125;0.02998125;0.02442285;0;0;0;764
0.0050994;0.02973645;0.0024219;0;0;0;765
0.0228528;0.006973199999999999;0.0335223;0;0;0;766
0.0015849;0.02246715;0.0290169;0;0;0;767
0.0203904;0.04215555;0.04215555;0;0;0;768
0.01679355;0.03389085;0.03664845;0;0;0;769
0.0321066;0.0152487;0.00465345;0;0;0;770
0.00292545;0.0120825;0.04171275;0;0;0;771
0.01748745;0.0270162;0.0270162;0;0;0;772
0.01375065;0.0432189;0.00270225;0;0;0;773
0.0117441;0.03836745;0.0165825;0;0;0;774
0.02480715;0.0147096;0.03548835;0;0;0;775
0.0290772;0.01480095;0.0234477;0;0;0;776
0.02853135;0.01767555;0.03603015;0;0;0;777
0.0252576;0.03177585;0.04233509999999999;0;0;0;778
0.008152649999999999;0.008152649999999999;0.03977595;0;0;0;779
0.0318303;0.04066875;0.0019827;0;0;0;780
0.02502675;0.006969599999999999;0.0251577;0;0;0;781
0.0019989;0.0185733;0.0421839;0;0;0;782
0.0024084;0.03517065;0.03517065;0;0;0;783
0.01746135;0.0292491;0.03834315;0;0;0;784
0.01109385;0.0088263;0.01799505;0;0;0;785
0.01515285;0.0174987;0.0077535;0;0;0;786
0.0398898;0.03433004999999999;0.0030645;0;0;0;787
0.03458475;0.02391075;0.04158225;0;0;0;788
0.02802105;0.0417573;0.0358569;0;0;0;789
0.00551655;0.0202905;0.01558845;0;0;0;790
0.03273615;0.04021785;0.02221875;0;0;0;791
0.006900749999999999;0.0060552;0.0047718;0;0;0;792
0.00174645;0.0317736;0.0022041;0;0;0;793
0.0380052;0.02186145;0.0038763;0;0;0;794
0.006904799999999999;0.01719405;0.0326466;0;0;0;795
0.0311418;0.0376038;0.00650655;0;0;0;796
0.04208085;0.0317835;0.0342612;0;0;0;797
0.0150939;0.02937645;0.02300265;0;0;0;798
0.02089755;0.04307265;0.00702225;0;0;0;799
0.03881475;0.0100323;0.0276696;0;0;0;800
0.009817649999999999;0.02168685;0.0154557;0;0;0;801
0.0433458;0.008920349999999999;0.008920349999999999;0;0;0;802
0.0107775;0.04083885;0.02821185;0;0;0;803
0.0300924;0.01220895;0.0022383;0;0;0;804
0.03087315;0.0203265;0.02682135;0;0;0;805
0.0433962;0.0056889;0.04022685;0;0;0;806
0.02443275;0.0198351;0.0263691;0;0;0;807
0.0390888;0.0152631;0.0290799;0;0;0;808
0.02853225;0.03929985;0.03041415;0;0;0;809
0.0137853;0.03141225;0.01365975;0;0;0;810
0.02874285;0.0077328;0.0030231;0;0;0;811
0.0279225;0.04341015;0.04341015;0;0;0;812
0.02847465;0.008304300000000001;0.02250585;0;0;0;813
0.00829935;0.00497385;0.0179973;0;0;0;814
0.0389259;0.0035217;0.01968795;0;0;0;815
0.0264231;0.02316375;0.00927045;0;0;0;816
0.03443715;0.02994525;0.0016434;0;0;0;817
0.03325275;0.0228789;0.009775799999999999;0;0;0;818
0.0304164;0.0224757;0.0348867;0;0;0;819
0.0167751;0.004783949999999999;0.0111465;0;0;0;820
0.042084;0.0367767;0.0015957;0;0;0;821
0.03641985;0.02604825;0.02604825;0;0;0;822
0.02428785;0.03459689999999999;0.007752599999999999;0;0;0;823
0.00363735;0.0291312;0.0077769;0;0;0;824
0.02006955;0.00967905;0.0400878;0;0;0;825
0.01460835;0.03937094999999999;0.0159759;0;0;0;826
0.025776;0.03403125;0.0273222;0;0;0;827
0.0030123;0.0357606;0.02600595;0;0;0;828
0.0430452;0.0243846;0.038493;0;0;0;829
0.04002705;0.0208242;0.04208804999999999;0;0;0;830
0.0332739;0.03689775;0.00155115;0;0;0;831
0.04225454999999999;0.04225454999999999;0.02941065;0;0;0;832
0.0415782;0.0208188;0.00195525;0;0;0;833
0.0223254;0.03941685;0.02388915;0;0;0;834
0.00316575;0.0364221;0.0049518;0;0;0;835
0.02361915;0.01864845;0.03599415;0;0;0;836
0.0284022;0.006166799999999999;0.008391600000000001;0;0;0;837
0.00708165;0.01974105;0.00298035;0;0;0;838
0.0357858;0.0111708;0.0037782;0;0;0;839
0.01107585;0.02628495;0.0022707;0;0;0;840
0.01178145;0.01178145;0.007719299999999999;0;0;0;841
0.01184085;0.04332015;0.01792845;0;0;0;842
0.0249669;0.0015813;0.0015813;0;0;0;843
0.0111096;0.0229446;0.006398999999999999;0;0;0;844
0.0320787;0.0206199;0.0408213;0;0;0;845
0.018288;0.018288;0.03746385;0;0;0;846
0.01243575;0.0175392;0.0351216;0;0;0;847
0.01766925;0.02079855;0.0268056;0;0;0;848
0.0304686;0.0183735;0.0183735;0;0;0;849
0.03997305;0.00154755;0.01692765;0;0;0;850
0.010449;0.0200493;0.00888885;0;0;0;851
0.02459565;0.0115533;0.04104405;0;0;0;852
0.0350595;0.0350595;0.01615095;0;0;0;853
0.01973745;0.00568125;0.02973555;0;0;0;854
0.01909215;0.0139518;0.02950875;0;0;0;855
0.0286704;0.0114507;0.03895875;0;0;0;856
0.02599065;0.00228645;0.00677565;0;0;0;857
0.004984199999999999;0.03263805;0.02027205;0;0;0;858
0.01607985;0.04063994999999999;0.00317475;0;0;0;859
0.00168795;0.02789955;0.02789955;0;0;0;860
0.0198171;0.03913245;0.0026325;0;0;0;861
0.0297783;0.03334815;0.02718855;0;0;0;862
0.0036351;0.0356652;0.0399465;0;0;0;863
0.01889505;0.0267327;0.03724155;0;0;0;864
0.0371151;0.0018792;0.02898315;0;0;0;865
0.00515835;0.01379475;0.0257706;0;0;0;866
0.03557025;0.0195102;0.0311652;0;0;0;867
0.0212742;0.01129905;0.0277353;0;0;0;868
0.02314845;0.0039483;0.03242475;0;0;0;869
0.009437849999999999;0.02215125;0.0036414;0;0;0;870
0.0146079;0.0410346;0.02715255;0;0;0;871
0.0340569;0.0021015;0.0155169;0;0;0;872
0.0230049;0.0287091;0.0085185;0;0;0;873
0.00248805;0.0152559;0.0241695;0;0;0;874
0.02151675;0.0051651;0.01206315;0;0;0;875
0.03619125;0.04334714999999999;0.0155079;0;0;0;876
0.0167166;0.0167166;0.03526155;0;0;0;877
0.017919;0.01517625;0.008410050000000001;0;0;0;878
0.01307655;0.0416601;0.0120483;0;0;0;879
0.030447;0.01439595;0.01439595;0;0;0;880
0.0396207;0.0100458;0.01849455;0;0;0;881
0.00414225;0.01204695;0.006720299999999999;0;0;0;882
0.01054035;0.006908849999999999;0.0245898;0;0;0;883
0.00489195;0.0016299;0.0313542;0;0;0;884
0.03420135;0.00174735;0.0102168;0;0;0;885
0.04321845;0.0344403;0.02810835;0;0;0;886
0.03824505;0.00732195;0.03785715;0;0;0;887
0.0200745;0.0083277;0.0020403;0;0;0;888
0.01780785;0.03504105;0.02687355;0;0;0;889
0.005079599999999999;0.0169308;0.024057;0;0;0;890
0.0170559;0.02098755;0.00297225;0;0;0;891
0.01128645;0.02956725;0.0041823;0;0;0;892
0.04196159999999999;0.009760949999999999;0.0415476;0;0;0;893
0.005247;0.00978885;0.0229986;0;0;0;894
0.00390645;0.0089937;0.0337482;0;0;0;895
0.0322812;0.0378153;0.0196938;0;0;0;896
0.0065475;0.0131445;0.0047781;0;0;0;897
0.02526435;0.00461025;0.03584159999999999;0;0;0;898
0.033975;0.0228663;0.03503025;0;0;0;899
0.0169362;0.0426474;0.0426474;0;0;0;900
0.04190625;0.01172205;0.006898499999999999;0;0;0;901
0.02708865;0.0227691;0.02471625;0;0;0;902
0.00174645;0.03199815;0.03199815;0;0;0;903
0.04112775;0.005647950000000001;0.01860075;0;0;0;904
0.0017352;0.009487349999999999;0.01688445;0;0;0;905
0.0034983;0.0211581;0.01245285;0;0;0;906
0.0406206;0.0260244;0.0180702;0;0;0;907
0.0135306;0.0192222;0.02554065;0;0;0;908
0.0016659;0.042912;0.03718305;0;0;0;909
0.0374751;0.04086135;0.03362265;0;0;0;910
0.02163105;0.00755325;0.0203292;0;0;0;911
0.01247175;0.008396549999999999;0.03754845;0;0;0;912
0.02433825;0.0399807;0.04271715;0;0;0;913
0.02844045;0.02844045;0.01909485;0;0;0;914
0.007780049999999999;0.0338391;0.0109854;0;0;0;915
0.03625245;0.01693395;0.035964;0;0;0;916
0.01849095;0.01170405;0.00805545;0;0;0;917
0.0209052;0.02981205;0.0341307;0;0;0;918
0.0429777;0.03066435;0.010296;0;0;0;919
0.01948815;0.04145534999999999;0.03472425;0;0;0;920
0.0227259;0.00253755;0.01035765;0;0;0;921
0.0432468;0.0113706;0.003204;0;0;0;922
0.0029862;0.0178749;0.010989;0;0;0;923
0.01225125;0.0406035;0.0216225;0;0;0;924
0.0264906;0.0380718;0.01212345;0;0;0;925
0.0388557;0.02835405;0.01959165;0;0;0;926
0.0049446;0.0049446;0.0432711;0;0;0;927
0.005085;0.02292615;0.004900499999999999;0;0;0;928
0.03571425;0.0094707;0.02138535;0;0;0;929
0.0432063;0.0336267;0.0408105;0;0;0;930
0.02657835;0.0333657;0.01438515;0;0;0;931
0.00648;0.03061035;0.0271665;0;0;0;932
0.01765755;0.0109971;0.0281493;0;0;0;933
0.00781335;0.03509145;0.043038;0;0;0;934
0.0225882;0.03084795;0.0180972;0;0;0;935
0.0206253;0.03834765;0.00563895;0;0;0;936
0.0270288;0.0060399;0.02949525;0;0;0;937
0.03771045;0.0044811;0.016947;0;0;0;938
0.01084545;0.0347463;0.04000815;0;0;0;939
0.01111545;0.0220419;0.03603915;0;0;0;940
0.0313641;0.0423396;0.01987245;0;0;0;941
0.00394965;0.0407808;0.024174;0;0;0;942
0.00517095;0.00517095;0.024102;0;0;0;943
0.0283788;0.005894549999999999;0.03284505;0;0;0;944
0.0025623;0.03187935;0.01832805;0;0;0;945
0.0195111;0.02383965;0.04119345;0;0;0;946
0.02016405;0.0346131;0.0346131;0;0;0;947
0.00176625;0.0263493;0.03833145;0;0;0;948
0.0433017;0.0232137;0.007536599999999999;0;0;0;949
0.04288005;0.02282805;0.04173525;0;0;0;950
0.0077841;0.03415275;0.0272448;0;0;0;951
0.01322775;0.0131598;0.0134145;0;0;0;952
0.006838649999999999;0.03480525;0.0016389;0;0;0;953
0.0175797;0.01129005;0.02481345;0;0;0;954
0.0393363;0.0136098;0.017361;0;0;0;955
0.03320865;0.03320865;0.0415116;0;0;0;956
0.0185346;0.01413135;0.00468045;0;0;0;957
0.0381636;0.03437055;0.0226512;0;0;0;958
0.02840355;0.02071485;0.0299484;0;0;0;959
0.04228965;0.03871935;0.0202482;0;0;0;960
0.0142821;0.0142821;0.0211005;0;0;0;961
0.00973485;0.02792925;0.03833145;0;0;0;962
0.0249471;0.01029735;0.03727575;0;0;0;963
0.00990135;0.03086415;0.008485649999999999;0;0;0;964
0.01763055;0.00279675;0.0321858;0;0;0;965
0.01396755;0.02935755;0.04169205;0;0;0;966
0.01094265;0.0017073;0.016632;0;0;0;967
0.0257967;0.03087675;0.0081873;0;0;0;968
0.03767939999999999;0.0274986;0.00397485;0;0;0;969
0.007868699999999999;0.03477465;0.0185616;0;0;0;970
0.0373968;0.0230004;0.01762065;0;0;0;971
0.0160632;0.0160632;0.0286803;0;0;0;972
0.007668899999999999;0.015147;0.0207477;0;0;0;973
0.0410004;0.02329875;0.00410085;0;0;0;974
0.02343285;0.03035655;0.0258993;0;0;0;975
0.006894450000000001;0.020178;0.0394083;0;0;0;976
0.01538055;0.03053385;0.0090639;0;0;0;977
0.0340866;0.01493775;0.0218871;0;0;0;978
0.038997;0.03368115;0.008833499999999999;0;0;0;979
0.03161205;0.02607525;0.0306783;0;0;0;980
0.01097235;0.0426573;0.038673;0;0;0;981
0.04337684999999999;0.01684575;0.03030345;0;0;0;982
0.00223335;0.00840285;0.0226188;0;0;0;983
0.0066321;0.0076644;0.00853515;0;0;0;984
0.0409752;0.01546245;0.01546245;0;0;0;985
0.03293775;0.0263484;0.009935100000000001;0;0;0;986
0.01275345;0.008284949999999999;0.04079115;0;0;0;987
0.03322124999999999;0.01477215;0.03921795;0;0;0;988
0.02780145;0.0138204;0.04310955;0;0;0;989
0.014499;0.036369;0.01928115;0;0;0;990
0.008444699999999999;0.01244115;0.0281286;0;0;0;991
0.0066465;0.0097938;0.02745765;0;0;0;992
0.0396864;0.02020095;0.03593025;0;0;0;993
0.0412956;0.03424545;0.02111085;0;0;0;994
0.0218763;0.00582975;0.0391914;0;0;0;995
0.0406899;0.0256122;0.04163579999999999;0;0;0;996
0.00492795;0.03566025;0.0074952;0;0;0;997
0.0120888;0.0120888;0.02731095;0;0;0;998
0.00648405;0.01124685;0.03657015;0;0;0;999
0.03524625;0.0243324;0.0155718;0;0;0;1000
0.0428652;0.00290565;0.02532465;0;0;0;1001
0.0208692;0.01816875;0.0023535;0;0;0;1002
0.00412965;0.03341385;0.04200255;0;0;0;1003
0.00592875;0.0432099;0.03006495;0;0;0;1004
0.0427266;0.01335285;0.01247895;0;0;0;1005
0.04237875;0.03477825;0.0159417;0;0;0;1006
0.03481785;0.00209655;0.04288635;0;0;0;1007
0.0112671;0.03028995;0.02036835;0;0;0;1008
0.02434815;0.0161379;0.0241785;0;0;0;1009
0.0021771;0.0066879;0.03587129999999999;0;0;0;1010
0.03891465;0.01150245;0.005986350000000001;0;0;0;1011
0.0394587;0.02177865;0.008738099999999999;0;0;0;1012
0.0259479;0.01794015;0.0220968;0;0;0;1013
0.01242045;0.00405855;0.01832265;0;0;0;1014
0.0113949;0.0307944;0.02564955;0;0;0;1015
0.01212795;0.0326691;0.00540135;0;0;0;1016
0.00245925;0.00798975;0.0432855;0;0;0;1017
0.0364626;0.02044035;0.0080622;0;0;0;1018
0.01202175;0.02534175;0.0242469;0;0;0;1019
0.0146106;0.02405025;0.0189855;0;0;0;1020
0.0250074;0.03722714999999999;0.02457135;0;0;0;1021
0.0052857;0.0237465;0.0162297;0;0;0;1022
0.0149004;0.0149004;0.00404595;0;0;0;1023
0.04197149999999999;0.00156015;0.00156015;0;0;0;1024
0.01015335;0.01955565;0.0017037;0;0;0;1025
0.02046915;0.0019395;0.0214056;0;0;0;1026
0.001566;0.01670895;0.0392643;0;0;0;1027
0.009524699999999999;0.0267939;0.02161125;0;0;0;1028
0.0015588;0.00543195;0.002322;0;0;0;1029
0.025875;0.03457125;0.01915695;0;0;0;1030
0.04072005;0.028071;0.0129051;0;0;0;1031
0.02105865;0.00306675;0.02527875;0;0;0;1032
0.00490005;0.00490005;0.03045735;0;0;0;1033
0.00563715;0.04059765;0.0212004;0;0;0;1034
0.0037674;0.0220509;0.00182295;0;0;0;1035
0.01564335;0.0347193;0.0337023;0;0;0;1036
0.0428922;0.0428922;0.0383202;0;0;0;1037
0.01407645;0.022905;0.009236699999999999;0;0;0;1038
0.01500615;0.0040185;0.0335421;0;0;0;1039
0.00568755;0.00568755;0.00192375;0;0;0;1040
0.0314352;0.02393415;0.04036679999999999;0;0;0;1041
0.0268101;0.03631995;0.0427005;0;0;0;1042
0.03080655;0.03901544999999999;0.02717505;0;0;0;1043
0.02909385;0.0026739;0.00821655;0;0;0;1044
0.0422487;0.02556135;0.00204975;0;0;0;1045
0.0107361;0.02710845;0.01396035;0;0;0;1046
0.0244512;0.0148914;0.01169415;0;0;0;1047
0.03320055;0.02770965;0.02271735;0;0;0;1048
0.01229085;0.0091944;0.0021141;0;0;0;1049
0.0381501;0.006744600000000001;0.003075749999999999;0;0;0;1050
0.0218223;0.0088596;0.02454795;0;0;0;1051
0.01856925;0.02896605;0.03226455;0;0;0;1052
0.0091728;0.0433089;0.0056088;0;0;0;1053
0.0322281;0.01566585;0.02983185;0;0;0;1054
0.0375759;0.04330485;0.0033381;0;0;0;1055
0.0182763;0.0134109;0.0429237;0;0;0;1056
0.01118115;0.0157005;0.0408177;0;0;0;1057
0.0188208;0.01078065;0.0179118;0;0;0;1058
0.02873025;0.0165276;0.01290735;0;0;0;1059
0.02202165;0.033597;0.01626795;0;0;0;1060
0.0290889;0.0369648;0.0026829;0;0;0;1061
0.0425583;0.02405385;0.01543095;0;0;0;1062
0.008673749999999999;0.00429075;0.04103775;0;0;0;1063
0.0190206;0.03422295;0.00225045;0;0;0;1064
0.02393235;0.0180549;0.0324621;0;0;0;1065
0.0433179;0.007933949999999999;0.0220932;0;0;0;1066
0.005861699999999999;0.0238473;0.02785815;0;0;0;1067
0.00615285;0.03268575;0.00844695;0;0;0;1068
0.0144297;0.03499785;0.00191475;0;0;0;1069
0.0162477;0.0401301;0.0401301;0;0;0;1070
0.0100044;0.0213903;0.0410193;0;0;0;1071
0.0179973;0.006813;0.04244175;0;0;0;1072
0.0121554;0.0250767;0.03640814999999999;0;0;0;1073
0.02513385;0.006323849999999999;0.0124407;0;0;0;1074
0.00629955;0.0267849;0.0395523;0;0;0;1075
0.00192735;0.0289926;0.01959165;0;0;0;1076
0.0016974;0.04141125;0.0109917;0;0;0;1077
0.02005065;0.0018054;0.02984985;0;0;0;1078
0.006157799999999999;0.0132984;0.03375585;0;0;0;1079
0.006085349999999999;0.0019035;0.0385164;0;0;0;1080
0.0109143;0.0044145;0.0297945;0;0;0;1081
0.0294903;0.00190035;0.01132965;0;0;0;1082
0.0297477;0.0219726;0.038088;0;0;0;1083
0.0055512;0.01163295;0.02038635;0;0;0;1084
0.0311076;0.03809205;0.03809205;0;0;0;1085
0.0292869;0.03864015;0.02085255;0;0;0;1086
0.03958739999999999;0.03958739999999999;0.0104067;0;0;0;1087
0.01041975;0.0267696;0.00807255;0;0;0;1088
0.00155835;0.0060579;0.0164304;0;0;0;1089
0.02383425;0.0387972;0.0301293;0;0;0;1090
0.0196227;0.0427023;0.0122805;0;0;0;1091
0.03841335;0.00544725;0.03515175;0;0;0;1092
0.01951425;0.0093204;0.03100905;0;0;0;1093
0.00201915;0.03986955;0.00316125;0;0;0;1094
0.01137195;0.0182844;0.03824685;0;0;0;1095
0.0238815;0.0329706;0.03961305;0;0;0;1096
0.0202545;0.041751;0.024885;0;0;0;1097
0.0112284;0.03406365;0.0241632;0;0;0;1098
0.02529135;0.04298535;0.03825135;0;0;0;1099
0.0299925;0.02355075;0.01543185;0;0;0;1100
0.0035145;0.02207745;0.04311945;0;0;0;1101
0.00580365;0.0408618;0.0336834;0;0;0;1102
0.0198009;0.02338875;0.014112;0;0;0;1103
0.0293193;0.01683765;0.0208818;0;0;0;1104
0.0300078;0.04228784999999999;0.02442915;0;0;0;1105
0.0277614;0.0247239;0.035568;0;0;0;1106
0.0256536;0.023778;0.03278745;0;0;0;1107
0.0308538;0.00739215;0.0312957;0;0;0;1108
0.00478125;0.00478125;0.00947025;0;0;0;1109
0.03512655;0.01045215;0.0307944;0;0;0;1110
0.0059697;0.00163755;0.008190899999999999;0;0;0;1111
0.0019008;0.0019008;0.0194463;0;0;0;1112
0.0150111;0.0316062;0.0316062;0;0;0;1113
0.04266675;0.03559545;0.0107001;0;0;0;1114
0.00448965;0.04149045;0.0137367;0;0;0;1115
0.008417249999999999;0.03690405;0.01243755;0;0;0;1116
0.03895605;0.041607;0.0390528;0;0;0;1117
0.03679245;0.02305665;0.028548;0;0;0;1118
0.04184189999999999;0.02153655;0.0383058;0;0;0;1119
0.01162485;0.0226773;0.0181656;0;0;0;1120
0.0048969;0.0173781;0.0208944;0;0;0;1121
0.01935405;0.01935405;0.0049761;0;0;0;1122
0.04082535;0.0023706;0.03661605;0;0;0;1123
0.02174355;0.0206568;0.03854385;0;0;0;1124
0.0433467;0.0130563;0.0182088;0;0;0;1125
0.0017766;0.0243441;0.004528799999999999;0;0;0;1126
0.01647;0.0373905;0.00732735;0;0;0;1127
0.01368675;0.03485655;0.03097845;0;0;0;1128
0.00313785;0.01370565;0.03815549999999999;0;0;0;1129
0.03408345;0.03736979999999999;0.0142686;0;0;0;1130
0.0266508;0.015246;0.03290895;0;0;0;1131
0.01332675;0.01909215;0.02166075;0;0;0;1132
0.02757285;0.01713195;0.0404874;0;0;0;1133
0.02683215;0.0103284;0.00724005;0;0;0;1134
0.0159732;0.005256;0.02442555;0;0;0;1135
0.0380052;0.02939805;0.01591785;0;0;0;1136
0.03787605;0.0137637;0.0386766;0;0;0;1137
0.01377135;0.01377135;0.0381618;0;0;0;1138
0.0422784;0.04046175;0.02677815;0;0;0;1139
0.02129535;0.02537775;0.00171225;0;0;0;1140
0.04189275;0.0266049;0.0301608;0;0;0;1141
0.0336879;0.006886349999999999;0.021609;0;0;0;1142
0.04045275;0.0431748;0.032526;0;0;0;1143
0.0264555;0.03396014999999999;0.00342315;0;0;0;1144
0.04107195;0.0189495;0.0267525;0;0;0;1145
0.03554235;0.0116334;0.02710305;0;0;0;1146
0.007691399999999999;0.02203695;0.0354951;0;0;0;1147
0.01988595;0.03701025;0.0172008;0;0;0;1148
0.01392525;0.02644425;0.01427805;0;0;0;1149
0.02175255;0.026262;0.03040065;0;0;0;1150
0.03038355;0.02570265;0.04280265;0;0;0;1151
0.0017451;0.0203445;0.00595215;0;0;0;1152
0.0119574;0.03844035;0.0433035;0;0;0;1153
0.04161015;0.0071829;0.0432531;0;0;0;1154
0.014886;0.00498645;0.03733155;0;0;0;1155
0.00740115;0.03611025;0.0217026;0;0;0;1156
0.0245376;0.0141426;0.019773;0;0;0;1157
0.01026225;0.0398466;0.00675765;0;0;0;1158
0.0428598;0.017847;0.004212899999999999;0;0;0;1159
0.02012355;0.0429687;0.03848895;0;0;0;1160
0.04183065;0.0029448;0.01145835;0;0;0;1161
0.03043845;0.00913185;0.0180297;0;0;0;1162
0.03583215;0.0433773;0.0383265;0;0;0;1163
0.0186858;0.03052665;0.0247806;0;0;0;1164
0.0234432;0.0054549;0.00832365;0;0;0;1165
0.00254565;0.01475415;0.04326435;0;0;0;1166
0.02743695;0.01923165;0.03298725;0;0;0;1167
0.0299925;0.02507175;0.01043955;0;0;0;1168
0.03527775;0.010665;0.040401;0;0;0;1169
0.0199026;0.0161163;0.0395361;0;0;0;1170
0.009930599999999999;0.037134;0.0045558;0;0;0;1171
0.0374814;0.0374814;0.03932595;0;0;0;1172
0.0284112;0.0284112;0.0313983;0;0;0;1173
0.0172377;0.0433548;0.02531025;0;0;0;1174
0.0358803;0.0137466;0.01658925;0;0;0;1175
0.00475155;0.01712385;0.0287694;0;0;0;1176
0.0126279;0.03706695;0.0279522;0;0;0;1177
0.009108;0.04263435;0.02491695;0;0;0;1178
0.0075105;0.0151704;0.007842150000000001;0;0;0;1179
0.0150165;0.01076535;0.0017658;0;0;0;1180
0.0359757;0.0270954;0.0168453;0;0;0;1181
0.0081063;0.03801825;0.01624545;0;0;0;1182
0.00832455;0.00221985;0.0347751;0;0;0;1183
0.0207468;0.0080397;0.03724245;0;0;0;1184
0.04168485;0.04168485;0.011295;0;0;0;1185
0.03232395;0.0433791;0.03172455;0;0;0;1186
0.02091195;0.03610844999999999;0.0077769;0;0;0;1187
0.03109905;0.04304655;0.00879075;0;0;0;1188
0.02554875;0.008208;0.0427329;0;0;0;1189
0.0229932;0.01230885;0.0308313;0;0;0;1190
0.02627595;0.02627595;0.0433512;0;0;0;1191
0.00786015;0.0284787;0.03418605;0;0;0;1192
0.0274446;0.0028701;0.03099825;0;0;0;1193
0.01545525;0.01156455;0.04318019999999999;0;0;0;1194
0.0414666;0.0276021;0.0342639;0;0;0;1195
0.0243117;0.0346554;0.03012075;0;0;0;1196
0.013014;0.03830445;0.0089622;0;0;0;1197
0.0306243;0.01627245;0.03835575;0;0;0;1198
0.00926595;0.0141912;0.04334399999999999;0;0;0;1199
0.021555;0.0360909;0.00337725;0;0;0;1200
0.01730025;0.02964735;0.0207567;0;0;0;1201
0.03258;0.00882315;0.0366777;0;0;0;1202
0.02579535;0.01647;0.0379188;0;0;0;1203
0.00213075;0.0217035;0.0167157;0;0;0;1204
0.02835225;0.03257595;0.019935;0;0;0;1205
0.0222939;0.01770525;0.01348605;0;0;0;1206
0.0017505;0.02535345;0.008664749999999999;0;0;0;1207
0.03442365;0.03442365;0.0307431;0;0;0;1208
0.007774199999999999;0.01417905;0.01094175;0;0;0;1209
0.0199323;0.0245214;0.0283077;0;0;0;1210
0.04067639999999999;0.020331;0.02953845;0;0;0;1211
0.03117735;0.00289035;0.021015;0;0;0;1212
0.03117915;0.00682245;0.0047925;0;0;0;1213
0.0332523;0.01993725;0.02307645;0;0;0;1214
0.01720935;0.0076635;0.0265446;0;0;0;1215
0.0132489;0.03460815;0.0161586;0;0;0;1216
0.022914;0.01285065;0.00178155;0;0;0;1217
0.03619485;0.0288198;0.0383607;0;0;0;1218
0.0032733;0.02910375;0.03640185;0;0;0;1219
0.0085545;0.0105822;0.01481175;0;0;0;1220
0.02719125;0.04225725;0.02718585;0;0;0;1221
0.01604295;0.009854999999999999;0.03914685;0;0;0;1222
0.027261;0.0430587;0.0019647;0;0;0;1223
0.0147051;0.0347319;0.02772675;0;0;0;1224
0.0174654;0.00158085;0.005779349999999999;0;0;0;1225
0.0409842;0.0144225;0.0414027;0;0;0;1226
0.02901285;0.02901285;0.037476;0;0;0;1227
0.01664775;0.0190053;0.0405774;0;0;0;1228
0.02899395;0.0241083;0.03268755;0;0;0;1229
0.0109719;0.00722655;0.02804715;0;0;0;1230
0.0107505;0.02449215;0.03345435;0;0;0;1231
0.0082971;0.0422082;0.0367281;0;0;0;1232
0.03801465;0.00420255;0.02673135;0;0;0;1233
0.010188;0.0345888;0.0022023;0;0;0;1234
0.0248157;0.04048965;0.008031149999999999;0;0;0;1235
0.0256833;0.02889765;0.0175797;0;0;0;1236
0.02330595;0.0322308;0.0359847;0;0;0;1237
0.0306648;0.00459405;0.0348858;0;0;0;1238
0.0118359;0.03082005;0.0380115;0;0;0;1239
0.04053285;0.01541835;0.02018025;0;0;0;1240
0.02508885;0.003141;0.03888675;0;0;0;1241
0.0216882;0.04133924999999999;0.0099702;0;0;0;1242
0.00257625;0.0130428;0.031077;0;0;0;1243
0.00238005;0.0264258;0.0158427;0;0;0;1244
0.03371759999999999;0.0190629;0.04317885;0;0;0;1245
0.0122724;0.02790945;0.0165447;0;0;0;1246
0.01786185;0.02040075;0.02247255;0;0;0;1247
0.00289305;0.0140805;0.009755999999999999;0;0;0;1248
0.0173088;0.03483045;0.03978585;0;0;0;1249
0.01871685;0.0091638;0.005383799999999999;0;0;0;1250
0.03841785;0.0180558;0.02253645;0;0;0;1251
0.0388152;0.0285525;0.0285525;0;0;0;1252
0.0270162;0.0410094;0.0168219;0;0;0;1253
0.0357264;0.02777625;0.0424719;0;0;0;1254
0.01511235;0.02093805;0.0326862;0;0;0;1255
0.0346743;0.03039615;0.02424375;0;0;0;1256
0.0176868;0.00758385;0.0186327;0;0;0;1257
0.0426537;0.030357;0.0196596;0;0;0;1258
0.02367945;0.0137898;0.004918049999999999;0;0;0;1259
0.02891655;0.009436499999999999;0.0326916;0;0;0;1260
0.008169300000000001;0.03834855;0.0433782;0;0;0;1261
0.0190197;0.02510055;0.01981665;0;0;0;1262
0.00742815;0.02199555;0.008780399999999999;0;0;0;1263
0.0261882;0.0060201;0.00229545;0;0;0;1264
0.0021969;0.01163115;0.02264355;0;0;0;1265
0.005796899999999999;0.0186579;0.04319595;0;0;0;1266
0.02004165;0.0051768;0.02311875;0;0;0;1267
0.01660995;0.01660995;0.03183165;0;0;0;1268
0.04337145;0.018405;0.0432729;0;0;0;1269
0.0022941;0.01677105;0.006420599999999999;0;0;0;1270
0.0410616;0.00195435;0.0220608;0;0;0;1271
0.0207981;0.03380445;0.04247685;0;0;0;1272
0.00175995;0.02821185;0.0225963;0;0;0;1273
0.00493155;0.01636155;0.03912255;0;0;0;1274
0.02815875;0.0315036;0.01065645;0;0;0;1275
0.009039149999999999;0.0181494;0.0220833;0;0;0;1276
0.0166383;0.0400203;0.03033585;0;0;0;1277
0.02761515;0.04187475;0.009861750000000001;0;0;0;1278
0.04219065;0.0169047;0.0102699;0;0;0;1279
0.02862855;0.03113955;0.01605915;0;0;0;1280
0.03084075;0.02151855;0.01889775;0;0;0;1281
0.03604545;0.00882;0.0061569;0;0;0;1282
0.0051444;0.0372816;0.0331407;0;0;0;1283
0.03770055;0.007161750000000001;0.01960605;0;0;0;1284
0.02314755;0.03584385;0.01438695;0;0;0;1285
0.0017595;0.02763045;0.04250385;0;0;0;1286
0.02014245;0.00193365;0.007540649999999999;0;0;0;1287
0.02807775;0.03489525;0.03051675;0;0;0;1288
0.04229865;0.0247446;0.0106335;0;0;0;1289
0.01824345;0.0280071;0.0017316;0;0;0;1290
0.00950895;0.01564335;0.00391545;0;0;0;1291
0.03355245;0.0042138;0.0183015;0;0;0;1292
0.03321855;0.0421119;0.02557215;0;0;0;1293
0.0272466;0.0047331;0.02646225;0;0;0;1294
0.00167625;0.00167625;0.02463885;0;0;0;1295
0.00215055;0.00215055;0.037791;0;0;0;1296
0.01473435;0.0197352;0.0374895;0;0;0;1297
0.0262638;0.022113;0.00340875;0;0;0;1298
0.0332748;0.03403305;0.01922445;0;0;0;1299
0.00949185;0.01703565;0.01092375;0;0;0;1300
0.0274941;0.0063846;0.01979325;0;0;0;1301
0.0052074;0.0378288;0.00157455;0;0;0;1302
0.0365715;0.0326772;0.0021267;0;0;0;1303
0.0136791;0.0253152;0.006281549999999999;0;0;0;1304
0.01163925;0.02872395;0.02329785;0;0;0;1305
0.007591499999999999;0.0284355;0.03073725;0;0;0;1306
0.0124569;0.02296575;0.00298845;0;0;0;1307
0.02638665;0.0016227;0.009925649999999999;0;0;0;1308
0.02034945;0.0303651;0.001899;0;0;0;1309
0.01695105;0.0417645;0.0137673;0;0;0;1310
0.03236805;0.0119052;0.03812445;0;0;0;1311
0.00616905;0.00157365;0.0187659;0;0;0;1312
0.03524355;0.01369125;0.009319049999999999;0;0;0;1313
0.01280115;0.0210816;0.01251225;0;0;0;1314
0.00462735;0.0107226;0.03026115;0;0;0;1315
0.00935775;0.0019593;0.0126918;0;0;0;1316
0.0161613;0.008229599999999998;0.02301705;0;0;0;1317
0.01752165;0.02988;0.0167103;0;0;0;1318
0.03419685;0.02352015;0.005978249999999999;0;0;0;1319
0.002394;0.0275112;0.0048744;0;0;0;1320
0.04032719999999999;0.0325296;0.01216305;0;0;0;1321
0.0282744;0.01703835;0.0254565;0;0;0;1322
0.02454975;0.0016893;0.03486914999999999;0;0;0;1323
0.0023013;0.009133199999999999;0.01253295;0;0;0;1324
0.01023255;0.008021249999999999;0.01163835;0;0;0;1325
0.01088685;0.0388656;0.01230255;0;0;0;1326
0.02737395;0.0430416;0.00689985;0;0;0;1327
0.0332253;0.04285305;0.04043475;0;0;0;1328
0.02559735;0.0160641;0.008770499999999999;0;0;0;1329
0.01692045;0.03855015;0.0336456;0;0;0;1330
0.006148349999999999;0.03688785;0.0255033;0;0;0;1331
0.01050525;0.0024219;0.00682425;0;0;0;1332
0.0317403;0.01920915;0.03445245;0;0;0;1333
0.00244395;0.0319203;0.0398781;0;0;0;1334
0.03947445;0.00609705;0.0107064;0;0;0;1335
0.01309185;0.0029448;0.0119493;0;0;0;1336
0.03168495;0.0189009;0.0055071;0;0;0;1337
0.006003;0.0428976;0.02557575;0;0;0;1338
0.0429282;0.03909285;0.0038718;0;0;0;1339
0.03849075;0.04321305;0.03534615;0;0;0;1340
0.0311382;0.0029394;0.0164889;0;0;0;1341
0.0084321;0.007109549999999999;0.01562535;0;0;0;1342
0.043407;0.03689865;0.0410985;0;0;0;1343
0.03409965;0.0226026;0.02645325;0;0;0;1344
0.0201726;0.0300168;0.04057155;0;0;0;1345
0.02162385;0.02551635;0.0389493;0;0;0;1346
0.01409895;0.0247032;0.03353535;0;0;0;1347
0.0195372;0.0351567;0.0308466;0;0;0;1348
0.04065435;0.00919035;0.0329022;0;0;0;1349
0.0287208;0.022203;0.0424323;0;0;0;1350
0.03816585;0.00221085;0.0236115;0;0;0;1351
0.0392103;0.04240215;0.0188685;0;0;0;1352
0.01941075;0.006687449999999999;0.010017;0;0;0;1353
0.01893555;0.03379725;0.02379735;0;0;0;1354
0.04207545;0.0200871;0.01482435;0;0;0;1355
0.03415275;0.04038525;0.02798325;0;0;0;1356
0.01870425;0.0429678;0.00460935;0;0;0;1357
0.02236815;0.03662145;0.04259295;0;0;0;1358
0.013824;0.00537975;0.01503;0;0;0;1359
0.0221301;0.00254115;0.0160542;0;0;0;1360
0.0125262;0.04294754999999999;0.00566145;0;0;0;1361
0.0427842;0.00232515;0.039879;0;0;0;1362
0.00646065;0.0200151;0.02869605;0;0;0;1363
0.0200781;0.01419345;0.0240327;0;0;0;1364
0.00158715;0.02466225;0.0315234;0;0;0;1365
0.02957715;0.00835875;0.01420875;0;0;0;1366
0.00982215;0.0151578;0.0253935;0;0;0;1367
0.0015948;0.008223300000000001;0.02880315;0;0;0;1368
0.008011349999999999;0.0287919;0.02380095;0;0;0;1369
0.0183483;0.03200895;0.02886075;0;0;0;1370
0.0076176;0.02894895;0.00677295;0;0;0;1371
0.01355715;0.00322155;0.02451735;0;0;0;1372
0.02089035;0.0335124;0.0133875;0;0;0;1373
0.03838455;0.00230265;0.03239955;0;0;0;1374
0.0246681;0.0051921;0.02146995;0;0;0;1375
0.0234414;0.0182385;0.005383799999999999;0;0;0;1376
0.01429695;0.0333216;0.0402624;0;0;0;1377
0.0231615;0.01125135;0.02079135;0;0;0;1378
0.0432477;0.01450215;0.00176175;0;0;0;1379
0.03959055;0.03539115;0.01765215;0;0;0;1380
0.00381015;0.0084537;0.019215;0;0;0;1381
0.008997749999999999;0.0035235;0.0235575;0;0;0;1382
0.0171243;0.02069145;0.0152316;0;0;0;1383
0.0161127;0.00181035;0.0261054;0;0;0;1384
0.02874285;0.0019476;0.0147744;0;0;0;1385
0.0430389;0.02690865;0.02264985;0;0;0;1386
0.02428065;0.004868549999999999;0.0274248;0;0;0;1387
0.0427041;0.004824;0.0361134;0;0;0;1388
0.008045099999999999;0.03584655;0.03242655;0;0;0;1389
0.02298735;0.0337284;0.0200529;0;0;0;1390
0.0357912;0.0027675;0.03437685;0;0;0;1391
0.0383202;0.0343836;0.0057663;0;0;0;1392
0.02337075;0.04291469999999999;0.0179388;0;0;0;1393
0.0338004;0.037998;0.0098523;0;0;0;1394
0.0379656;0.01805085;0.0136629;0;0;0;1395
0.00808335;0.02008125;0.0322983;0;0;0;1396
0.01651635;0.0331623;0.0179451;0;0;0;1397
0.03156435;0.0259245;0.0132255;0;0;0;1398
0.02451105;0.02899485;0.0213741;0;0;0;1399
0.01951425;0.0401382;0.00812655;0;0;0;1400
0.02270655;0.03723704999999999;0.0187236;0;0;0;1401
0.03066075;0.00649665;0.0373851;0;0;0;1402
0.04232475;0.03192975;0.037503;0;0;0;1403
0.01613655;0.00168885;0.0294552;0;0;0;1404
0.03611834999999999;0.0323397;0.027729;0;0;0;1405
0.01308195;0.00575415;0.0027387;0;0;0;1406
0.0066969;0.0032319;0.02671695;0;0;0;1407
0.02876535;0.00762705;0.02736945;0;0;0;1408
0.00225405;0.030555;0.0257454;0;0;0;1409
0.02430405;0.04327785;0.0149796;0;0;0;1410
0.04300335;0.03275775;0.005728049999999999;0;0;0;1411
0.00261765;0.0351279;0.01304955;0;0;0;1412
0.02166885;0.0291861;0.03728655;0;0;0;1413
0.01324755;0.04198635;0.030105;0;0;0;1414
0.00524745;0.02604285;0.03001095;0;0;0;1415
0.03610395;0.0279945;0.008312399999999999;0;0;0;1416
0.0020916;0.01130625;0.0353286;0;0;0;1417
0.02718315;0.03133215;0.00165285;0;0;0;1418
0.03129255;0.036045;0.0112716;0;0;0;1419
0.00544185;0.03701655;0.01866735;0;0;0;1420
0.02592405;0.0207189;0.0356787;0;0;0;1421
0.008342549999999999;0.0433422;0.0176301;0;0;0;1422
0.0259083;0.01518885;0.02982645;0;0;0;1423
0.02064915;0.01699695;0.010521;0;0;0;1424
0.03212415;0.0224838;0.0433233;0;0;0;1425
0.0270738;0.0121716;0.0205263;0;0;0;1426
0.04279815;0.03944475;0.03355605;0;0;0;1427
0.03679065;0.03236625;0.0391149;0;0;0;1428
0.0339984;0.006309449999999999;0.002628;0;0;0;1429
0.0430551;0.0025848;0.0192582;0;0;0;1430
0.04240125;0.01811025;0.03718575;0;0;0;1431
0.00612225;0.01119105;0.04181445;0;0;0;1432
0.01026945;0.0345996;0.02106675;0;0;0;1433
0.03890564999999999;0.00195525;0.043191;0;0;0;1434
0.02155455;0.012393;0.0394173;0;0;0;1435
0.01390905;0.03773654999999999;0.02508525;0;0;0;1436
0.01126575;0.0056808;0.03988845;0;0;0;1437
0.0043272;0.0396216;0.009332549999999998;0;0;0;1438
0.0197181;0.0228267;0.037665;0;0;0;1439
0.02181555;0.02181555;0.0170946;0;0;0;1440
0.03511575;0.00744345;0.04310415;0;0;0;1441
0.0342756;0.02888415;0.0199089;0;0;0;1442
0.027216;0.013347;0.01734525;0;0;0;1443
0.0346302;0.01803375;0.03959775;0;0;0;1444
0.0153819;0.03573225;0.01008495;0;0;0;1445
0.03456495;0.0125811;0.04297995;0;0;0;1446
0.00630495;0.0433845;0.03907575;0;0;0;1447
0.0075735;0.04031595;0.0052281;0;0;0;1448
0.01084995;0.0048591;0.04340025;0;0;0;1449
0.01975725;0.03916665;0.0213498;0;0;0;1450
0.01224855;0.01691505;0.00244035;0;0;0;1451
0.0161874;0.00194175;0.0085869;0;0;0;1452
0.03360465;0.01604295;0.00158805;0;0;0;1453
0.00772695;0.0433737;0.00192825;0;0;0;1454
0.0064818;0.03435075;0.03970665;0;0;0;1455
0.0279783;0.0405603;0.01377675;0;0;0;1456
0.01727055;0.026541;0.0344268;0;0;0;1457
0.0041247;0.03719295;0.04265235;0;0;0;1458
0.0275562;0.02417715;0.0392364;0;0;0;1459
0.01454445;0.005917949999999999;0.02993445;0;0;0;1460
0.01842885;0.0128295;0.021186;0;0;0;1461
0.0212715;0.02552445;0.01712295;0;0;0;1462
0.0340614;0.01922355;0.01541475;0;0;0;1463
0.0374004;0.02312235;0.0365931;0;0;0;1464
0.0251289;0.03739905;0.00621315;0;0;0;1465
0.0327744;0.01255005;0.006678;0;0;0;1466
0.0301689;0.01799325;0.04238235;0;0;0;1467
0.0429939;0.007572600000000001;0.01666755;0;0;0;1468
0.01465785;0.0100152;0.007704900000000001;0;0;0;1469
0.0426231;0.0178776;0.0223011;0;0;0;1470
0.00687555;0.02265435;0.00155025;0;0;0;1471
0.0276822;0.02985075;0.02793915;0;0;0;1472
0.03857085;0.01836225;0.00225225;0;0;0;1473
0.00557595;0.01272825;0.001782;0;0;0;1474
0.03382785;0.0216855;0.00349695;0;0;0;1475
0.03372705;0.017154;0.03219705;0;0;0;1476
0.040131;0.040131;0.03181275;0;0;0;1477
0.0255366;0.0393615;0.0269361;0;0;0;1478
0.03149235;0.008751149999999999;0.0232875;0;0;0;1479
0.00730575;0.03064905;0.021069;0;0;0;1480
0.04343985;0.01488285;0.03567555;0;0;0;1481
0.0179712;0.03484665;0.04341015;0;0;0;1482
0.00524655;0.00938025;0.0053082;0;0;0;1483
0.02602755;0.0347706;0.0382635;0;0;0;1484
0.03827879999999999;0.0127998;0.009785250000000001;0;0;0;1485
0.0123696;0.02719125;0.03170385;0;0;0;1486
0.02924415;0.0174699;0.0016461;0;0;0;1487
0.04320495;0.02254185;0.03212775;0;0;0;1488
0.02997;0.0103293;0.0261171;0;0;0;1489
0.0431676;0.00178155;0.03106395;0;0;0;1490
0.01820205;0.026892;0.02308725;0;0;0;1491
0.0019143;0.0431334;0.03004515;0;0;0;1492
0.04165155;0.03566834999999999;0.0434025;0;0;0;1493
0.03194549999999999;0.01618785;0.0239904;0;0;0;1494
0.00930015;0.01766655;0.04266855;0;0;0;1495
0.0319617;0.0154656;0.0195813;0;0;0;1496
0.01820745;0.0223236;0.0182349;0;0;0;1497
0.02225295;0.01807875;0.0217917;0;0;0;1498
0.02589345;0.00320085;0.0154521;0;0;0;1499
0.04339755;0.04339755;0.008705249999999999;0;0;0;1500
0.03723075;0.00275625;0.009167400000000001;0;0;0;1501
0.04314374999999999;0.01198845;0.02333385;0;0;0;1502
0.03524445;0.01793385;0.0065772;0;0;0;1503
0.0341991;0.0434097;0.02171475;0;0;0;1504
0.03501045;0.0091404;0.01428435;0;0;0;1505
0.02467845;0.008733599999999999;0.0283914;0;0;0;1506
0.0408096;0.03466215;0.03807;0;0;0;1507
0.0143046;0.0099585;0.01555695;0;0;0;1508
0.0361368;0.0266463;0.022635;0;0;0;1509
0.03463425;0.0196326;0.03573494999999999;0;0;0;1510
0.0273609;0.01306305;0.0361971;0;0;0;1511
0.00202185;0.03707325;0.0309834;0;0;0;1512
0.0051786;0.02472795;0.0077337;0;0;0;1513
0.0353772;0.0397305;0.0163116;0;0;0;1514
0.009161549999999999;0.01204335;0.0017973;0;0;0;1515
0.01449;0.008426700000000001;0.01870245;0;0;0;1516
0.03295935;0.01041075;0.0016335;0;0;0;1517
0.0171558;0.0402858;0.02466855;0;0;0;1518
0.0321786;0.01676925;0.01236195;0;0;0;1519
0.0354069;0.0181809;0.0216;0;0;0;1520
0.0299025;0.014913;0.0344016;0;0;0;1521
0.03575834999999999;0.02387925;0.01227915;0;0;0;1522
0.04315995;0.03973545;0.0172035;0;0;0;1523
0.02963925;0.04334085;0.0298422;0;0;0;1524
0.0024867;0.0186894;0.030492;0;0;0;1525
0.01175535;0.01623285;0.03207285;0;0;0;1526
0.02524815;0.0432909;0.03422835;0;0;0;1527
0.00197145;0.03679875;0.020169;0;0;0;1528
0.03802905;0.0200151;0.02584665;0;0;0;1529
0.00230985;0.006355349999999999;0.0404559;0;0;0;1530
0.0322002;0.0342765;0.008451449999999999;0;0;0;1531
0.03354885;0.005084549999999999;0.02834325;0;0;0;1532
0.00913725;0.03995595;0.0219357;0;0;0;1533
0.03472065;0.0113805;0.02411955;0;0;0;1534
0.0203985;0.04207095;0.031833;0;0;0;1535
0.0350469;0.004911749999999999;0.02533455;0;0;0;1536
0.008007749999999999;0.04282469999999999;0.0121824;0;0;0;1537
0.0023958;0.03983985;0.01971405;0;0;0;1538
0.03294449999999999;0.00458415;0.04334805;0;0;0;1539
0.01360755;0.02054295;0.01570365;0;0;0;1540
0.0165816;0.03380625;0.0077373;0;0;0;1541
0.01028295;0.03525705;0.007096949999999999;0;0;0;1542
0.0243045;0.0432369;0.0111753;0;0;0;1543
0.0045747;0.02568105;0.0024615;0;0;0;1544
0.03551265;0.0428058;0.00594585;0;0;0;1545
0.029601;0.02549565;0.00678915;0;0;0;1546
0.01568475;0.0366768;0.01325205;0;0;0;1547
0.0178866;0.0397665;0.0166626;0;0;0;1548
0.00188865;0.00478035;0.02451645;0;0;0;1549
0.04074659999999999;0.0081666;0.01268865;0;0;0;1550
0.005268149999999999;0.00197325;0.00197325;0;0;0;1551
0.0207162;0.03884625;0.0358929;0;0;0;1552
0.0091935;0.0172026;0.03501585;0;0;0;1553
0.0137808;0.0389934;0.00185715;0;0;0;1554
0.0215775;0.0168363;0.03079755;0;0;0;1555
0.03373379999999999;0.04153589999999999;0.03698865;0;0;0;1556
0.0278163;0.0134865;0.009657900000000001;0;0;0;1557
0.0203688;0.00203985;0.04334265;0;0;0;1558
0.02511;0.0405405;0.00231615;0;0;0;1559
0.0022248;0.0431226;0.0266958;0;0;0;1560
0.00230175;0.043101;0.00232425;0;0;0;1561
0.03741345;0.0187371;0.0105822;0;0;0;1562
0.0257562;0.03432195;0.01152405;0;0;0;1563
0.006124950000000001;0.00167175;0.0433053;0;0;0;1564
0.00177885;0.0065745;0.0321507;0;0;0;1565
0.03731445;0.0090819;0.0353934;0;0;0;1566
0.01213875;0.0016254;0.0333585;0;0;0;1567
0.01020645;0.0149661;0.0189423;0;0;0;1568
0.03043485;0.03390255;0.0428274;0;0;0;1569
0.0015849;0.0156033;0.0156033;0;0;0;1570
0.01475325;0.01057365;0.0357723;0;0;0;1571
0.01935315;0.04302;0.02814615;0;0;0;1572
0.0195624;0.0321282;0.03649455;0;0;0;1573
0.0117027;0.02979225;0.01129455;0;0;0;1574
0.02409975;0.0409086;0.0207045;0;0;0;1575
0.0139446;0.005401799999999999;0.0219645;0;0;0;1576
0.0429921;0.0021627;0.0433755;0;0;0;1577
0.0122004;0.04005044999999999;0.0363888;0;0;0;1578
0.007572600000000001;0.01273995;0.022842;0;0;0;1579
0.0387333;0.01670085;0.0262665;0;0;0;1580
0.0051714;0.0433575;0.0198261;0;0;0;1581
0.04008375;0.02619045;0.00796725;0;0;0;1582
0.03851909999999999;0.0416988;0.00636075;0;0;0;1583
0.0376776;0.0134262;0.0432063;0;0;0;1584
0.0382509;0.0432828;0.01303065;0;0;0;1585
0.036009;0.0334044;0.009998099999999999;0;0;0;1586
0.03242475;0.0026136;0.0128457;0;0;0;1587
0.03618765;0.0019674;0.0181062;0;0;0;1588
0.0390627;0.01726065;0.03757905;0;0;0;1589
0.006145199999999999;0.0196938;0.00716535;0;0;0;1590
0.03419055;0.01935945;0.02734155;0;0;0;1591
0.03603015;0.02409345;0.03229245;0;0;0;1592
0.03819465;0.02317995;0.0432576;0;0;0;1593
0.039105;0.039105;0.0201672;0;0;0;1594
0.02737665;0.03955455;0.02317905;0;0;0;1595
0.04284945;0.00211095;0.014355;0;0;0;1596
0.01489545;0.0062235;0.0418842;0;0;0;1597
0.02925315;0.00179595;0.0348453;0;0;0;1598
0.028782;0.01657305;0.00511065;0;0;0;1599
0.00941175;0.04058145;0.01866285;0;0;0;1600
0.03006675;0.0404982;0.0065619;0;0;0;1601
0.02083545;0.01531035;0.04336965;0;0;0;1602
0.01642905;0.00180225;0.0224883;0;0;0;1603
0.0355464;0.0061263;0.03663089999999999;0;0;0;1604
0.0316602;0.0358605;0.03128805;0;0;0;1605
0.0434205;0.04340385;0.00225945;0;0;0;1606
0.0019215;0.0395532;0.02624175;0;0;0;1607
0.0434367;0.00368415;0.00637965;0;0;0;1608
0.0408645;0.008487;0.004573799999999999;0;0;0;1609
0.0332019;0.0285246;0.0373716;0;0;0;1610
0.0224073;0.0388098;0.01387035;0;0;0;1611
0.0387918;0.0427815;0.009277199999999999;0;0;0;1612
0.03761055;0.01451475;0.0334575;0;0;0;1613
0.0247131;0.02680425;0.0115236;0;0;0;1614
0.00814545;0.006170399999999999;0.02711115;0;0;0;1615
0.0095391;0.0015867;0.0429876;0;0;0;1616
0.0095382;0.0258111;0.004922999999999999;0;0;0;1617
0.02114415;0.0017829;0.03348945;0;0;0;1618
0.002862;0.03520125;0.00191475;0;0;0;1619
0.0214785;0.0052128;0.0357093;0;0;0;1620
0.0400347;0.0290124;0.00534015;0;0;0;1621
0.0178092;0.02166975;0.0076923;0;0;0;1622
0.01068615;0.0062784;0.0199719;0;0;0;1623
0.00196425;0.0143595;0.02021265;0;0;0;1624
0.0056007;0.0402804;0.03684374999999999;0;0;0;1625
0.0387135;0.0376038;0.03334995;0;0;0;1626
0.04333185;0.01508535;0.007929;0;0;0;1627
0.0303345;0.02563965;0.03734595;0;0;0;1628
0.00176895;0.0342252;0.022185;0;0;0;1629
0.0308511;0.0211293;0.031941;0;0;0;1630
0.007074449999999999;0.008525699999999999;0.03437235;0;0;0;1631
0.011844;0.04340655;0.0351936;0;0;0;1632
0.0037881;0.01123785;0.0152064;0;0;0;1633
0.01386585;0.0111186;0.0046692;0;0;0;1634
0.00289935;0.0188964;0.01458945;0;0;0;1635
0.00175815;0.00603675;0.00968985;0;0;0;1636
0.04261275;0.0125748;0.04327425;0;0;0;1637
0.0354969;0.0068994;0.0167553;0;0;0;1638
0.02802825;0.0369513;0.0360999;0;0;0;1639
0.0358524;0.03975525;0.04331835;0;0;0;1640
0.0016002;0.0016002;0.04336019999999999;0;0;0;1641
0.01130535;0.0432918;0.0142335;0;0;0;1642
0.0183879;0.0116532;0.0022662;0;0;0;1643
0.02914875;0.01961865;0.01413045;0;0;0;1644
0.0093636;0.00181305;0.0381042;0;0;0;1645
0.01996425;0.02904615;0.0150219;0;0;0;1646
0.04336965;0.03847545;0.00897795;0;0;0;1647
0.04212135;0.03531105;0.03232485;0;0;0;1648
0.007737749999999999;0.0432909;0.03358935;0;0;0;1649
0.0047214;0.0334269;0.02751795;0;0;0;1650
0.02547135;0.0202374;0.01200375;0;0;0;1651
0.0019908;0.0367938;0.008919;0;0;0;1652
0.0425961;0.00486945;0.0215775;0;0;0;1653
0.01377765;0.04334625;0.0239904;0;0;0;1654
0.0432738;0.0212841;0.0264393;0;0;0;1655
0.012132;0.0207522;0.0433161;0;0;0;1656
0.0328374;0.0288648;0.02648205;0;0;0;1657
0.00661185;0.0172872;0.0132102;0;0;0;1658
0.0045855;0.0329004;0.00499275;0;0;0;1659
0.0225306;0.01050255;0.04310055;0;0;0;1660
0.0243387;0.0017226;0.04185585;0;0;0;1661
0.008707049999999999;0.02694375;0.0162891;0;0;0;1662
0.00173115;0.005742;0.0205686;0;0;0;1663
0.0132867;0.04225185;0.0089982;0;0;0;1664
0.00349245;0.04305059999999999;0.01646775;0;0;0;1665
0.00159525;0.0409248;0.0149724;0;0;0;1666
0.0018459;0.0272637;0.00167445;0;0;0;1667
0.0017703;0.007886249999999999;0.004602599999999999;0;0;0;1668
0.03317445;0.03093705;0.03454335;0;0;0;1669
0.00188865;0.03064095;0.0432576;0;0;0;1670
0.0232506;0.03393765;0.001863;0;0;0;1671
0.0215307;0.00750645;0.04214925;0;0;0;1672
0.0143577;0.0287946;0.00496305;0;0;0;1673
0.0211824;0.01532295;0.003628349999999999;0;0;0;1674
0.02998755;0.04051305;0.03307815;0;0;0;1675
0.02246715;0.007516350000000001;0.03050325;0;0;0;1676
0.01434555;0.0066789;0.009990000000000001;0;0;0;1677
0.0332487;0.04339845;0.01678455;0;0;0;1678
0.0278676;0.001566;0.021348;0;0;0;1679
0.0232857;0.0343692;0.0241389;0;0;0;1680
0.03553425;0.04325714999999999;0.027369;0;0;0;1681
0.0259182;0.0077391;0.009497249999999999;0;0;0;1682
0.04319775;0.0209538;0.00535275;0;0;0;1683
0.0434529;0.02205225;0.01171125;0;0;0;1684
0.02160315;0.0233973;0.03195;0;0;0;1685
0.0331461;0.03649275;0.04078305;0;0;0;1686
0.0403452;0.02833335;0.00186795;0;0;0;1687
0.0375741;0.01820925;0.03335265;0;0;0;1688
0.04339935;0.02012985;0.0188109;0;0;0;1689
0.04000635;0.00740385;0.0157896;0;0;0;1690
0.0264636;0.0083088;0.03503295;0;0;0;1691
0.0239004;0.01185075;0.01185075;0;0;0;1692
0.04314465;0.0334035;0.00201915;0;0;0;1693
0.02936385;0.01634985;0.02835405;0;0;0;1694
0.03455415;0.02571345;0.0297531;0;0;0;1695
0.023058;0.00881415;0.01784745;0;0;0;1696
0.022437;0.03979755;0.02719845;0;0;0;1697
0.0414378;0.03670695;0.0266481;0;0;0;1698
0.03333915;0.0284994;0.01518435;0;0;0;1699
0.0349209;0.0224802;0.03848355;0;0;0;1700
0.0015741;0.01908495;0.0250929;0;0;0;1701
0.0183852;0.01648665;0.0192717;0;0;0;1702
0.0117729;0.007741349999999999;0.0144693;0;0;0;1703
0.033714;0.0381015;0.0242928;0;0;0;1704
0.0431055;0.00165375;0.03418695;0;0;0;1705
0.0396423;0.02195865;0.0139671;0;0;0;1706
0.03589559999999999;0.0314919;0.0214425;0;0;0;1707
0.01019745;0.00679185;0.00160245;0;0;0;1708
0.0304254;0.01133235;0.0139392;0;0;0;1709
0.0385614;0.01755675;0.0432909;0;0;0;1710
0.0150939;0.0125352;0.0290034;0;0;0;1711
0.0206847;0.01289475;0.01660185;0;0;0;1712
0.0433809;0.01729125;0.0147987;0;0;0;1713
0.03876255;0.00866835;0.0433566;0;0;0;1714
0.03279105;0.008358299999999999;0.0399078;0;0;0;1715
0.04340745;0.005129549999999999;0.02914695;0;0;0;1716
0.02610945;0.02258145;0.02007045;0;0;0;1717
0.0361827;0.0383238;0.03570345;0;0;0;1718
0.00775845;0.02565675;0.00169515;0;0;0;1719
0.00158085;0.03203234999999999;0.03526245;0;0;0;1720
0.02535525;0.0322731;0.01714185;0;0;0;1721
0.01655055;0.0250182;0.0431811;0;0;0;1722
0.00304065;0.0260406;0.03553425;0;0;0;1723
0.0057501;0.04344975;0.00481905;0;0;0;1724
0.038511;0.02459655;0.0022212;0;0;0;1725
0.009783449999999999;0.02000925;0.0125037;0;0;0;1726
0.04342185;0.0075402;0.03366315;0;0;0;1727
0.0153576;0.038142;0.04337145;0;0;0;1728
0.01722105;0.00761985;0.02975535;0;0;0;1729
0.0220455;0.0087183;0.0117792;0;0;0;1730
0.00894465;0.002232;0.0201816;0;0;0;1731
0.0107208;0.02827215;0.0353799;0;0;0;1732
0.03834405;0.01669725;0.01669725;0;0;0;1733
0.0135747;0.005974199999999999;0.02657475;0;0;0;1734
0.03308445;0.0088281;0.02912805;0;0;0;1735
0.0076455;0.01877985;0.0254925;0;0;0;1736
0.0168417;0.0120069;0.0153927;0;0;0;1737
0.02755215;0.0339948;0.0244818;0;0;0;1738
0.00220905;0.0079983;0.02575845;0;0;0;1739
0.02625165;0.0192141;0.016569;0;0;0;1740
0.0323595;0.02421495;0.0181737;0;0;0;1741
0.008474399999999998;0.04297275;0.0280728;0;0;0;1742
0.0179154;0.01381005;0.02658015;0;0;0;1743
0.0116163;0.014184;0.0056862;0;0;0;1744
0.0434295;0.0434295;0.0134235;0;0;0;1745
0.031482;0.03571245;0.0220941;0;0;0;1746
0.004929749999999999;0.007813799999999999;0.03724425;0;0;0;1747
0.0031077;0.04342409999999999;0.02224305;0;0;0;1748
0.0432477;0.03058785;0.0275292;0;0;0;1749
0.008896049999999999;0.0017073;0.0095805;0;0;0;1750
0.03321585;0.04069845;0.0334557;0;0;0;1751
0.01285245;0.0275895;0.0391635;0;0;0;1752
0.03417345;0.0157626;0.0430515;0;0;0;1753
0.0320121;0.007804800000000001;0.0431028;0;0;0;1754
0.01330875;0.00187515;0.0051426;0;0;0;1755
0.02498895;0.02854485;0.00600525;0;0;0;1756
0.0337428;0.03091635;0.03949605;0;0;0;1757
0.040428;0.0124659;0.03032955;0;0;0;1758
0.0327033;0.01219185;0.0286542;0;0;0;1759
0.00763695;0.03395115;0.00597375;0;0;0;1760
0.0290889;0.03785355;0.04120695;0;0;0;1761
0.02678715;0.0239544;0.0275643;0;0;0;1762
0.01677015;0.00441675;0.01528695;0;0;0;1763
0.0053694;0.0301095;0.03225375;0;0;0;1764
0.01558935;0.0019872;0.0359973;0;0;0;1765
0.0122229;0.0241047;0.0153693;0;0;0;1766
0.03113505;0.0019926;0.04342905;0;0;0;1767
0.00668835;0.0160371;0.0023688;0;0;0;1768
0.02925135;0.04296285;0.01588995;0;0;0;1769
0.0433269;0.00588735;0.01004445;0;0;0;1770
0.0392742;0.007132049999999999;0.02579985;0;0;0;1771
0.0184527;0.02141505;0.0322461;0;0;0;1772
0.0389853;0.02952675;0.03331845;0;0;0;1773
0.00900405;0.0372249;0.04034475;0;0;0;1774
0.03209265;0.0105795;0.03205305;0;0;0;1775
0.02331225;0.01041795;0.00604125;0;0;0;1776
0.02025585;0.0275166;0.00712215;0;0;0;1777
0.0169326;0.02164815;0.03890475;0;0;0;1778
0.02377395;0.03662505;0.02758815;0;0;0;1779
0.01121535;0.01494315;0.01494315;0;0;0;1780
0.02580345;0.0174366;0.01347165;0;0;0;1781
0.0430767;0.0194634;0.04031685;0;0;0;1782
0.0117315;0.0117315;0.0392571;0;0;0;1783
0.00527445;0.00227385;0.03553199999999999;0;0;0;1784
0.02915685;0.0227241;0.0047754;0;0;0;1785
0.0430434;0.03959055;0.0238122;0;0;0;1786
0.009796949999999999;0.009796949999999999;0.026811;0;0;0;1787
0.02004885;0.04342095;0.0192303;0;0;0;1788
0.0323541;0.01744965;0.008252099999999998;0;0;0;1789
0.03054465;0.00164655;0.02535705;0;0;0;1790
0.03951494999999999;0.0228762;0.0398322;0;0;0;1791
0.03947759999999999;0.03653055;0.0110169;0;0;0;1792
0.00432225;0.0155232;0.0318528;0;0;0;1793
0.005138999999999999;0.00160515;0.0244944;0;0;0;1794
0.04342905;0.0148635;0.02135565;0;0;0;1795
0.00869265;0.0289476;0.0015984;0;0;0;1796
0.03382695;0.0302535;0.0431631;0;0;0;1797
0.03205125;0.02529;0.0339561;0;0;0;1798
0.03820275;0.03699765;0.04289175;0;0;0;1799
0.0116055;0.009698399999999999;0.0330687;0;0;0;1800
0.006582599999999999;0.0246186;0.021411;0;0;0;1801
0.03007755;0.03348;0.0129177;0;0;0;1802
0.040626;0.00733275;0.04008375;0;0;0;1803
0.03974715;0.00756855;0.02935755;0;0;0;1804
0.0265383;0.0165249;0.0193221;0;0;0;1805
0.0351261;0.04329045;0.0304407;0;0;0;1806
0.009882449999999999;0.02453085;0.04335165;0;0;0;1807
0.01421055;0.04310685;0.0155988;0;0;0;1808
0.01999575;0.02893005;0.0189648;0;0;0;1809
0.0291699;0.00162225;0.04077045;0;0;0;1810
0.0237447;0.0419463;0.03126195;0;0;0;1811
0.0414684;0.03142979999999999;0.0169947;0;0;0;1812
0.03271275;0.00859995;0.0118809;0;0;0;1813
0.0031599;0.008119350000000001;0.00171495;0;0;0;1814
0.01244205;0.0206001;0.02835405;0;0;0;1815
0.0317385;0.00478305;0.00792585;0;0;0;1816
0.0351099;0.01068435;0.0372627;0;0;0;1817
0.02808855;0.00154395;0.0046161;0;0;0;1818
0.008178299999999999;0.03888855;0.00162855;0;0;0;1819
0.0186561;0.0236565;0.0255897;0;0;0;1820
0.0214569;0.0053784;0.00161595;0;0;0;1821
0.01674135;0.0300771;0.03471705;0;0;0;1822
0.02727765;0.0351909;0.00649125;0;0;0;1823
0.0309474;0.0361269;0.02534175;0;0;0;1824
0.00462645;0.0141615;0.02190285;0;0;0;1825
0.03429765;0.043236;0.0024021;0;0;0;1826
0.0189747;0.03308175;0.01592685;0;0;0;1827
0.04322835;0.008314200000000001;0.03831525;0;0;0;1828
0.04345334999999999;0.03975165;0.0432621;0;0;0;1829
0.0156258;0.02720295;0.0178407;0;0;0;1830
0.018702;0.0358542;0.005471999999999999;0;0;0;1831
0.0382437;0.01062945;0.0382167;0;0;0;1832
0.024525;0.0086751;0.0015885;0;0;0;1833
0.00481275;0.02341305;0.010674;0;0;0;1834
0.03434895;0.02186685;0.01750005;0;0;0;1835
0.01375335;0.04084785;0.01882485;0;0;0;1836
0.0258957;0.02191005;0.00646875;0;0;0;1837
0.0258588;0.0365517;0.03209355;0;0;0;1838
0.01112355;0.03164535;0.0017298;0;0;0;1839
0.01503315;0.03955815;0.0225099;0;0;0;1840
0.00800505;0.0121194;0.007436699999999999;0;0;0;1841
0.04341375;0.02544435;0.0049212;0;0;0;1842
0.02766555;0.01999575;0.02628855;0;0;0;1843
0.0044874;0.0279153;0.02565315;0;0;0;1844
0.00170145;0.00985635;0.0316665;0;0;0;1845
0.01206045;0.04344615;0.0266913;0;0;0;1846
0.0285408;0.0401337;0.00164295;0;0;0;1847
0.0433944;0.0042471;0.00225315;0;0;0;1848
0.0187929;0.03553065;0.02002185;0;0;0;1849
0.0397782;0.00162855;0.0268956;0;0;0;1850
0.04342455;0.03255705;0.02282715;0;0;0;1851
0.0433458;0.03549555;0.0187974;0;0;0;1852
0.01424655;0.0384579;0.03192254999999999;0;0;0;1853
0.00535095;0.01824615;0.01790055;0;0;0;1854
0.03723615;0.0257076;0.01966005;0;0;0;1855
0.03254985;0.0015804;0.0339768;0;0;0;1856
0.0421371;0.02737215;0.03920265;0;0;0;1857
0.0433557;0.03011175;0.0400608;0;0;0;1858
0.0151668;0.0332739;0.04336019999999999;0;0;0;1859
0.0186615;0.009751049999999999;0.04324275;0;0;0;1860
0.0079191;0.0042237;0.0324459;0;0;0;1861
0.04037445;0.0156987;0.00162315;0;0;0;1862
0.01757475;0.0046764;0.00752715;0;0;0;1863
0.004990949999999999;0.04329674999999999;0.036063;0;0;0;1864
0.03686265;0.001638;0.006066899999999999;0;0;0;1865
0.0218808;0.007374599999999999;0.0146277;0;0;0;1866
0.0123201;0.0172242;0.0434448;0;0;0;1867
0.0059508;0.0140886;0.04318155;0;0;0;1868
0.0207873;0.02696535;0.01048095;0;0;0;1869
0.03519045;0.0310257;0.01531035;0;0;0;1870
0.0159048;0.02312595;0.0051291;0;0;0;1871
0.0170289;0.043317;0.03412935;0;0;0;1872
0.0105165;0.03598605;0.0102501;0;0;0;1873
0.00154215;0.00154215;0.02921085;0;0;0;1874
0.0372177;0.00939825;0.0015588;0;0;0;1875
0.02287125;0.00165465;0.0059688;0;0;0;1876
0.006231599999999999;0.0140544;0.018081;0;0;0;1877
0.0213066;0.02818935;0.043425;0;0;0;1878
0.0155961;0.01158435;0.0220311;0;0;0;1879
0.01984545;0.003942449999999999;0.0144063;0;0;0;1880
0.0147519;0.0221652;0.02517525;0;0;0;1881
0.03127815;0.01927575;0.0380781;0;0;0;1882
0.03837869999999999;0.04324005;0.02437965;0;0;0;1883
0.03344175;0.04329225;0.01095615;0;0;0;1884
0.0052524;0.02709225;0.04313565;0;0;0;1885
0.0252288;0.0132741;0.0228033;0;0;0;1886
0.0132102;0.0094635;0.02902815;0;0;0;1887
0.04001535;0.03154095;0.0281097;0;0;0;1888
0.0372429;0.0128052;0.0295371;0;0;0;1889
0.04302045;0.0108837;0.03401775;0;0;0;1890
0.0268929;0.0140823;0.0395712;0;0;0;1891
0.03577995;0.0392796;0.01251495;0;0;0;1892
0.00502065;0.01512765;0.03607425;0;0;0;1893
0.0224532;0.01409085;0.03359295;0;0;0;1894
0.02327625;0.0386208;0.00402705;0;0;0;1895
0.009632249999999998;0.01988415;0.0296271;0;0;0;1896
0.02942325;0.03063015;0.03445335;0;0;0;1897
0.01311165;0.00865755;0.02494575;0;0;0;1898
0.0195912;0.0049743;0.02005335;0;0;0;1899
0.0284346;0.0255141;0.01309545;0;0;0;1900
0.0276588;0.02955555;0.0433296;0;0;0;1901
0.0171927;0.03131955;0.01147185;0;0;0;1902
0.01833345;0.00578025;0.03675465;0;0;0;1903
0.00566865;0.0399618;0.0267003;0;0;0;1904
0.0060507;0.02188305;0.0254412;0;0;0;1905
0.043452;0.0298512;0.007239150000000001;0;0;0;1906
0.0166581;0.0134433;0.03704535;0;0;0;1907
0.0167211;0.0143046;0.00160515;0;0;0;1908
0.00162225;0.0352071;0.0426735;0;0;0;1909
0.0347382;0.0142353;0.03654764999999999;0;0;0;1910
0.02371815;0.0071406;0.0367983;0;0;0;1911
0.00721755;0.0030042;0.0057051;0;0;0;1912
0.0015975;0.0112824;0.01943415;0;0;0;1913
0.02058435;0.0392265;0.0433269;0;0;0;1914
0.03260879999999999;0.0274464;0.00160785;0;0;0;1915
0.01088235;0.0138114;0.01150425;0;0;0;1916
0.01741095;0.03132989999999999;0.00176985;0;0;0;1917
0.00156915;0.04342275;0.008345700000000001;0;0;0;1918
0.02572425;0.00538245;0.0410751;0;0;0;1919
0.0240174;0.00157275;0.021393;0;0;0;1920
0.0433908;0.0258012;0.01974555;0;0;0;1921
0.0015642;0.03125745;0.009551249999999999;0;0;0;1922
0.04335435;0.0268209;0.0139851;0;0;0;1923
0.0198666;0.0060705;0.02610135;0;0;0;1924
0.005909849999999999;0.0274689;0.0364329;0;0;0;1925
0.03931155;0.04330845;0.02951325;0;0;0;1926
0.00154935;0.03840435;0.04130955;0;0;0;1927
0.04121775;0.0137457;0.009754649999999998;0;0;0;1928
0.01713105;0.04328009999999999;0.0019584;0;0;0;1929
0.0229068;0.0419031;0.04002165;0;0;0;1930
0.03268125;0.0095715;0.02033325;0;0;0;1931
0.043335;0.02237355;0.0357363;0;0;0;1932
0.03692295;0.00775575;0.011223;0;0;0;1933
